timestamp,thread_id,connection_num,requests_completed,throughput,gbit_per_second
1.00192,0,0,138322,138322,4.52941
2.00192,0,0,282376,144054,4.71444
3.00193,0,0,430638,148262,4.85706
4.00193,0,0,579435,148797,4.87515
5.00193,0,0,727514,148079,4.85225
6.00193,0,0,873297,145783,4.77128
7.00193,0,0,1021041,147744,4.84128
8.00193,0,0,1167918,146877,4.80441
9.00193,0,0,1316451,148533,4.86583
10.0019,0,0,1465069,148618,4.86991
11.0019,0,0,1613608,148539,4.86677
12.0019,0,0,1762846,149238,4.89023
13.0019,0,0,1911698,148852,4.87758
14.0019,0,0,2060096,148398,4.8627
15.0019,0,0,2207863,147767,4.83925
16.0019,0,0,2356730,148867,4.87807
17.0019,0,0,2505886,149156,4.88719
18.0019,0,0,2653412,147526,4.83407
19.0019,0,0,2801303,147891,4.8456
1.00192,0,1,138543,138543,4.53972
2.00192,0,1,282834,144291,4.7273
3.00193,0,1,431132,148298,4.8589
4.00193,0,1,579922,148790,4.87554
5.00193,0,1,728037,148115,4.85343
6.00193,0,1,873880,145843,4.77663
7.00193,0,1,1021630,147750,4.84113
8.00193,0,1,1168763,147133,4.81857
9.00193,0,1,1317360,148597,4.86906
10.0019,0,1,1465953,148593,4.86909
11.0019,0,1,1614509,148556,4.86747
12.0019,0,1,1763748,149239,4.89026
13.0019,0,1,1912599,148851,4.87755
14.0019,0,1,2060984,148385,4.86228
15.0019,0,1,2208963,147979,4.8479
16.0019,0,1,2357816,148853,4.87762
17.0019,0,1,2506986,149170,4.88722
18.0019,0,1,2654384,147398,4.82782
19.0019,0,1,2802288,147904,4.84497
1.00192,0,2,135149,135149,4.40831
2.00192,0,2,279101,143952,4.70787
3.00193,0,2,427350,148249,4.85423
4.00193,0,2,576163,148813,4.87627
5.00193,0,2,724206,148043,4.84981
6.00193,0,2,870028,145822,4.77464
7.00193,0,2,1017554,147526,4.82898
8.00193,0,2,1164732,147178,4.82201
9.00193,0,2,1313314,148582,4.86872
10.0019,0,2,1461844,148530,4.86469
11.0019,0,2,1610366,148522,4.86631
12.0019,0,2,1759569,149203,4.8886
13.0019,0,2,1908413,148844,4.87732
14.0019,0,2,2056815,148402,4.86281
15.0019,0,2,2204761,147946,4.84745
16.0019,0,2,2353461,148700,4.87107
17.0019,0,2,2502650,149189,4.88862
18.0019,0,2,2649929,147279,4.82237
19.0019,0,2,2797602,147673,4.83415
1.00192,0,3,138542,138542,4.53959
2.00192,0,3,282728,144186,4.72054
3.00193,0,3,430819,148091,4.84927
4.00193,0,3,579653,148834,4.87698
5.00193,0,3,727631,147978,4.84735
6.00193,0,3,873366,145735,4.76815
7.00193,0,3,1021022,147656,4.83582
8.00193,0,3,1168266,147244,4.82488
9.00193,0,3,1316856,148590,4.86899
10.0019,0,3,1465450,148594,4.86871
11.0019,0,3,1614028,148578,4.8686
12.0019,0,3,1763276,149248,4.89056
13.0019,0,3,1912113,148837,4.87709
14.0019,0,3,2060391,148278,4.85686
15.0019,0,3,2208197,147806,4.84106
16.0019,0,3,2357081,148884,4.87863
17.0019,0,3,2506256,149175,4.88817
18.0019,0,3,2653632,147376,4.82691
19.0019,0,3,2801415,147783,4.83734
1.00197,1,0,135636,135636,4.44271
2.00197,1,0,280899,145263,4.75892
3.00197,1,0,429744,148845,4.87678
4.00197,1,0,577956,148212,4.85628
5.00197,1,0,725854,147898,4.84509
6.00197,1,0,872861,147007,4.81491
7.00197,1,0,1019911,147050,4.81521
8.00197,1,0,1168703,148792,4.87535
9.00197,1,0,1316837,148134,4.85404
10.002,1,0,1465065,148228,4.85564
11.002,1,0,1613375,148310,4.85947
12.002,1,0,1761171,147796,4.84262
13.002,1,0,1909259,148088,4.85204
14.002,1,0,2056002,146743,4.80737
15.002,1,0,2203781,147779,4.84242
16.002,1,0,2351723,147942,4.84662
17.002,1,0,2499838,148115,4.85343
18.002,1,0,2646713,146875,4.81075
19.002,1,0,2794123,147410,4.82629
1.00197,1,1,134933,134933,4.40841
2.00197,1,1,280163,145230,4.749
3.00197,1,1,429006,148843,4.87698
4.00197,1,1,577222,148216,4.85672
5.00197,1,1,725165,147943,4.84778
6.00197,1,1,872372,147207,4.82333
7.00197,1,1,1019593,147221,4.82414
8.00197,1,1,1168380,148787,4.8753
9.00197,1,1,1316497,148117,4.85335
10.002,1,1,1464795,148298,4.85937
11.002,1,1,1613120,148325,4.86028
12.002,1,1,1760967,147847,4.84463
13.002,1,1,1909052,148085,4.85245
14.002,1,1,2055824,146772,4.80933
15.002,1,1,2203583,147759,4.84065
16.002,1,1,2351575,147992,4.84928
17.002,1,1,2499691,148116,4.85343
18.002,1,1,2646838,147147,4.82171
19.002,1,1,2794504,147666,4.83871
1.00197,1,2,135177,135177,4.40213
2.00197,1,2,280411,145234,4.74454
3.00197,1,2,429237,148826,4.87596
4.00197,1,2,577191,147954,4.84322
5.00197,1,2,725086,147895,4.84443
6.00197,1,2,871960,146874,4.80531
7.00197,1,2,1019117,147157,4.82017
8.00197,1,2,1167899,148782,4.87528
9.00197,1,2,1316037,148138,4.85417
10.002,1,2,1464252,148215,4.85598
11.002,1,2,1612608,148356,4.86132
12.002,1,2,1760423,147815,4.84359
13.002,1,2,1908534,148111,4.85326
14.002,1,2,2055186,146652,4.80362
15.002,1,2,2202898,147712,4.83814
16.002,1,2,2350887,147989,4.8493
17.002,1,2,2498982,148095,4.85277
18.002,1,2,2645946,146964,4.81196
19.002,1,2,2793580,147634,4.83682
1.00197,1,3,134862,134862,4.40861
2.00197,1,3,279927,145065,4.74577
3.00197,1,3,428806,148879,4.87847
4.00197,1,3,577000,148194,4.85579
5.00197,1,3,724954,147954,4.84815
6.00197,1,3,872019,147065,4.81718
7.00197,1,3,1019064,147045,4.81781
8.00197,1,3,1167852,148788,4.87513
9.00197,1,3,1315976,148124,4.85314
10.002,1,3,1464226,148250,4.8577
11.002,1,3,1612514,148288,4.85881
12.002,1,3,1760233,147719,4.83964
13.002,1,3,1908322,148089,4.85239
14.002,1,3,2054853,146531,4.79969
15.002,1,3,2202620,147767,4.84146
16.002,1,3,2350602,147982,4.84877
17.002,1,3,2498729,148127,4.85382
18.002,1,3,2645878,147149,4.82178
19.002,1,3,2793542,147664,4.83865
