timestamp,thread_id,connection_num,requests_completed,throughput,gbit_per_second
1.00191,0,0,147237,147237,4.82433
2.00191,0,0,294762,147525,4.8341
3.00191,0,0,442474,147712,4.84022
4.00191,0,0,589984,147510,4.8336
5.00191,0,0,737423,147439,4.83128
6.00191,0,0,884635,147212,4.82384
7.00191,0,0,1031994,147359,4.82866
8.00196,0,0,1179256,147255,4.82525
9.00196,0,0,1326627,147371,4.82905
10.002,0,0,1473898,147271,4.82578
11.002,0,0,1621296,147397,4.82992
12.002,0,0,1768758,147462,4.83203
13.002,0,0,1916011,147253,4.82518
14.002,0,0,2063284,147273,4.82584
15.002,0,0,2209643,146359,4.79589
16.002,0,0,2356075,146432,4.79828
17.002,0,0,2502567,146492,4.80025
18.002,0,0,2649039,146472,4.79959
19.002,0,0,2795515,146476,4.79972
1.00191,0,1,146885,146885,4.7707
2.00191,0,1,294056,147171,4.78259
3.00191,0,1,441492,147436,4.78179
4.00191,0,1,588762,147270,4.7738
5.00191,0,1,735793,147031,4.77392
6.00191,0,1,882567,146774,4.76541
7.00191,0,1,1029508,146941,4.77144
8.00196,0,1,1176435,146920,4.77015
9.00196,0,1,1323279,146844,4.76944
10.002,0,1,1470178,146899,4.77091
11.002,0,1,1617151,146972,4.7715
12.002,0,1,1764203,147052,4.77508
13.002,0,1,1911212,147009,4.77063
14.002,0,1,2058039,146827,4.7678
15.002,0,1,2204310,146271,4.76946
16.002,0,1,2350601,146291,4.77152
17.002,0,1,2496940,146339,4.77049
18.002,0,1,2643263,146323,4.76922
19.002,0,1,2789580,146317,4.77117
1.00191,0,2,146958,146958,4.77045
2.00191,0,2,294175,147217,4.78267
3.00191,0,2,441511,147336,4.78197
4.00191,0,2,588655,147144,4.77371
5.00191,0,2,735716,147061,4.77395
6.00191,0,2,882538,146822,4.76548
7.00191,0,2,1029511,146973,4.77127
8.00196,0,2,1176486,146968,4.76994
9.00196,0,2,1323394,146908,4.76992
10.002,0,2,1470343,146949,4.77075
11.002,0,2,1617361,147017,4.77137
12.002,0,2,1764448,147087,4.77502
13.002,0,2,1911404,146956,4.77072
14.002,0,2,2058265,146861,4.768
15.002,0,2,2204547,146282,4.76941
16.002,0,2,2350875,146328,4.77212
17.002,0,2,2497198,146323,4.76997
18.002,0,2,2643523,146325,4.76896
19.002,0,2,2789867,146344,4.77192
1.00191,0,3,147247,147247,4.82383
2.00191,0,3,294793,147546,4.83478
3.00191,0,3,442507,147714,4.84028
4.00191,0,3,590090,147583,4.836
5.00191,0,3,737546,147456,4.83183
6.00191,0,3,884746,147200,4.82344
7.00191,0,3,1032028,147282,4.82614
8.00196,0,3,1179402,147367,4.82892
9.00196,0,3,1326632,147230,4.82443
10.002,0,3,1473951,147319,4.82735
11.002,0,3,1621317,147365,4.82887
12.002,0,3,1768796,147479,4.83259
13.002,0,3,1916124,147328,4.82764
14.002,0,3,2063370,147246,4.82496
15.002,0,3,2209777,146407,4.79746
16.002,0,3,2356224,146447,4.79877
17.002,0,3,2502666,146442,4.79861
18.002,0,3,2649098,146432,4.79828
19.002,0,3,2795540,146442,4.79861
1.00197,1,0,146000,146000,4.7708
2.00202,1,0,292272,146264,4.7814
3.00203,1,0,438549,146277,4.7821
4.00203,1,0,584529,145980,4.77292
5.00203,1,0,730690,146161,4.77395
6.00203,1,0,876631,145941,4.76427
7.00203,1,0,1022818,146187,4.77275
8.00203,1,0,1168946,146128,4.7694
9.00203,1,0,1315080,146134,4.7701
10.002,1,0,1461218,146136,4.77126
11.0021,1,0,1607210,145984,4.77202
12.0021,1,0,1753272,146062,4.77433
13.0021,1,0,1899290,146018,4.77156
14.0021,1,0,2045116,145826,4.76674
15.0021,1,0,2190987,145870,4.76913
16.0021,1,0,2336971,145984,4.77211
17.0021,1,0,2482900,145929,4.77039
18.0022,1,0,2628848,145942,4.7709
19.0022,1,0,2774727,145879,4.76966
1.00197,1,1,146150,146150,4.78861
2.00202,1,1,292582,146424,4.79804
3.00203,1,1,439014,146432,4.79828
4.00203,1,1,585130,146116,4.78793
5.00203,1,1,731481,146351,4.79563
6.00203,1,1,877618,146137,4.78861
7.00203,1,1,1023857,146239,4.79195
8.00203,1,1,1170279,146422,4.79795
9.00203,1,1,1316498,146219,4.7913
10.002,1,1,1462758,146258,4.79259
11.0021,1,1,1608934,146168,4.78963
12.0021,1,1,1755164,146230,4.79166
13.0021,1,1,1901385,146221,4.79135
14.0021,1,1,2047369,145984,4.7836
15.0021,1,1,2193435,146065,4.78627
16.0021,1,1,2339561,146126,4.78825
17.0021,1,1,2485607,146046,4.78563
18.0022,1,1,2631692,146079,4.7867
19.0022,1,1,2777812,146120,4.78806
1.00197,1,2,146128,146128,4.78781
2.00202,1,2,292555,146419,4.79787
3.00203,1,2,439021,146466,4.79939
4.00203,1,2,585148,146127,4.78829
5.00203,1,2,731481,146333,4.79504
6.00203,1,2,877618,146137,4.78861
7.00203,1,2,1023932,146314,4.79441
8.00203,1,2,1170280,146348,4.79552
9.00203,1,2,1316540,146260,4.79264
10.002,1,2,1462745,146203,4.79079
11.0021,1,2,1608927,146174,4.78983
12.0021,1,2,1755164,146237,4.79189
13.0021,1,2,1901387,146223,4.79142
14.0021,1,2,2047420,146033,4.7852
15.0021,1,2,2193435,146014,4.7846
16.0021,1,2,2339584,146149,4.789
17.0021,1,2,2485608,146024,4.78491
18.0022,1,2,2631692,146078,4.78667
19.0022,1,2,2777788,146096,4.78727
1.00197,1,3,145914,145914,4.76836
2.00202,1,3,292249,146327,4.78359
3.00203,1,3,438531,146282,4.78144
4.00203,1,3,584510,145979,4.77453
5.00203,1,3,730545,146035,4.77498
6.00203,1,3,876319,145774,4.7642
7.00203,1,3,1022340,146021,4.77251
8.00203,1,3,1168239,145899,4.76771
9.00203,1,3,1314238,145999,4.77171
10.002,1,3,1460227,145987,4.76999
11.0021,1,3,1606138,145903,4.76973
12.0021,1,3,1752263,146125,4.77657
13.0021,1,3,1898204,145941,4.76966
14.0021,1,3,2044046,145842,4.76853
15.0021,1,3,2189860,145813,4.76923
16.0021,1,3,2335803,145943,4.772
17.0021,1,3,2481738,145935,4.77183
18.0022,1,3,2627532,145788,4.76711
19.0022,1,3,2773496,145964,4.77262
