timestamp,thread_id,connection_num,requests_completed,throughput,gbit_per_second
1.00207,0,0,141013,141013,4.62054
2.00207,0,0,282441,141428,4.63431
3.00209,0,0,423893,141449,4.635
4.00209,0,0,565256,141363,4.63218
5.00209,0,0,706928,141672,4.64231
6.00209,0,0,848752,141824,4.64729
7.00209,0,0,989981,141229,4.62778
8.00209,0,0,1131274,141293,4.62989
9.00209,0,0,1272688,141414,4.63385
10.0021,0,0,1414000,141306,4.63031
11.0021,0,0,1555568,141568,4.6389
12.0021,0,0,1696880,141312,4.63051
13.0021,0,0,1838109,141229,4.62779
14.0021,0,0,1979396,141287,4.62969
15.0021,0,0,2120988,141592,4.63968
16.0021,0,0,2262281,141293,4.62988
17.0021,0,0,2403548,141267,4.62903
18.0021,0,0,2545264,141716,4.64374
19.0021,0,0,2686576,141312,4.63051
1.00207,0,1,140935,140935,4.61799
2.00207,0,1,282407,141472,4.63575
3.00209,0,1,423815,141405,4.63356
4.00209,0,1,565255,141440,4.6347
5.00209,0,1,706855,141600,4.63995
6.00209,0,1,848718,141863,4.64857
7.00209,0,1,989973,141255,4.62863
8.00209,0,1,1131277,141304,4.63025
9.00209,0,1,1272702,141425,4.63421
10.0021,0,1,1414003,141295,4.62995
11.0021,0,1,1555584,141581,4.63932
12.0021,0,1,1696808,141224,4.62762
13.0021,0,1,1838119,141311,4.63047
14.0021,0,1,1979396,141277,4.62936
15.0021,0,1,2120979,141583,4.63939
16.0021,0,1,2262281,141302,4.63018
17.0021,0,1,2403573,141292,4.62985
18.0021,0,1,2545222,141649,4.64155
19.0021,0,1,2686521,141299,4.63008
1.00207,0,2,141033,141033,4.62116
2.00207,0,2,282445,141412,4.63379
3.00209,0,2,423913,141465,4.63553
4.00209,0,2,565266,141353,4.63185
5.00209,0,2,706972,141706,4.64342
6.00209,0,2,848873,141901,4.64981
7.00209,0,2,989986,141113,4.62398
8.00209,0,2,1131291,141305,4.63028
9.00209,0,2,1272809,141518,4.63726
10.0021,0,2,1414121,141306,4.63031
11.0021,0,2,1555689,141568,4.6389
12.0021,0,2,1696972,141283,4.62956
13.0021,0,2,1838157,141185,4.62634
14.0021,0,2,1979405,141248,4.62841
15.0021,0,2,2120994,141589,4.63958
16.0021,0,2,2262290,141296,4.62998
17.0021,0,2,2403561,141271,4.62916
18.0021,0,2,2545385,141824,4.64728
19.0021,0,2,2686697,141312,4.63051
1.00207,0,3,140984,140984,4.61968
2.00207,0,3,282533,141549,4.63828
3.00209,0,3,423892,141356,4.63196
4.00209,0,3,565270,141378,4.63267
5.00209,0,3,706998,141728,4.64414
6.00209,0,3,848822,141824,4.64729
7.00209,0,3,990028,141206,4.62703
8.00209,0,3,1131304,141276,4.62933
9.00209,0,3,1272758,141454,4.63516
10.0021,0,3,1414070,141306,4.63031
11.0021,0,3,1555638,141568,4.6389
12.0021,0,3,1696950,141312,4.63051
13.0021,0,3,1838202,141252,4.62854
14.0021,0,3,1979408,141206,4.62703
15.0021,0,3,2121036,141628,4.64086
16.0021,0,3,2262295,141259,4.62877
17.0021,0,3,2403584,141289,4.62975
18.0021,0,3,2545334,141750,4.64486
19.0021,0,3,2686646,141312,4.63051
1.00321,1,0,151517,151517,4.95735
2.00321,1,0,303138,151621,4.96491
3.00321,1,0,454702,151564,4.9634
4.00321,1,0,606254,151552,4.96432
5.00321,1,0,757284,151030,4.94895
6.00321,1,0,909472,152188,4.98116
7.00321,1,0,1061416,151944,4.96478
8.00321,1,0,1213358,151942,4.96477
9.00322,1,0,1365096,151738,4.96453
10.0032,1,0,1516794,151698,4.96463
11.0032,1,0,1668398,151604,4.96467
12.0032,1,0,1819961,151563,4.96453
13.0032,1,0,1971493,151532,4.96458
14.0032,1,0,2123038,151545,4.96464
15.0032,1,0,2274045,151007,4.9482
16.0032,1,0,2426992,152947,4.98065
17.0032,1,0,2579921,152927,4.96453
18.0032,1,0,2732819,152898,4.96452
19.0032,1,0,2885756,152935,4.96472
1.00321,1,1,151552,151552,4.95761
2.00321,1,1,303152,151600,4.96439
3.00321,1,1,454810,151658,4.96646
4.00321,1,1,606371,151561,4.9646
5.00321,1,1,757304,150933,4.94577
6.00321,1,1,909562,152258,4.98354
7.00321,1,1,1061484,151922,4.96413
8.00321,1,1,1213431,151947,4.96506
9.00322,1,1,1365168,151737,4.96444
10.0032,1,1,1516852,151684,4.96405
11.0032,1,1,1668466,151614,4.96506
12.0032,1,1,1820025,151559,4.96439
13.0032,1,1,1971554,151529,4.96454
14.0032,1,1,2123102,151548,4.96474
15.0032,1,1,2274102,151000,4.94797
16.0032,1,1,2427067,152965,4.98142
17.0032,1,1,2579995,152926,4.96452
18.0032,1,1,2732901,152906,4.96464
19.0032,1,1,2885846,152943,4.96455
1.00321,1,2,151552,151552,4.9581
2.00321,1,2,303146,151594,4.96413
3.00321,1,2,454763,151617,4.96518
4.00321,1,2,606333,151570,4.96487
5.00321,1,2,757299,150966,4.94685
6.00321,1,2,909535,152236,4.98283
7.00321,1,2,1061469,151934,4.9643
8.00321,1,2,1213404,151935,4.96439
9.00322,1,2,1365146,151742,4.96447
10.0032,1,2,1516845,151699,4.9645
11.0032,1,2,1668446,151601,4.96461
12.0032,1,2,1820013,151567,4.96463
13.0032,1,2,1971542,151529,4.96452
14.0032,1,2,2123085,151543,4.96457
15.0032,1,2,2274095,151010,4.94829
16.0032,1,2,2427039,152944,4.98139
17.0032,1,2,2579962,152921,4.96451
18.0032,1,2,2732855,152893,4.96459
19.0032,1,2,2885782,152925,4.96449
1.00321,1,3,151504,151504,4.95551
2.00321,1,3,303116,151612,4.96477
3.00321,1,3,454694,151578,4.96387
4.00321,1,3,606251,151557,4.96445
5.00321,1,3,757258,151007,4.94819
6.00321,1,3,909420,152162,4.98047
7.00321,1,3,1061409,151989,4.96614
8.00321,1,3,1213333,151924,4.96417
9.00322,1,3,1365079,151746,4.96474
10.0032,1,3,1516774,151695,4.96439
11.0032,1,3,1668382,151608,4.96488
12.0032,1,3,1819940,151558,4.96435
13.0032,1,3,1971470,151530,4.96451
14.0032,1,3,2123018,151548,4.96478
15.0032,1,3,2274023,151005,4.94813
16.0032,1,3,2426984,152961,4.98133
17.0032,1,3,2579907,152921,4.96427
18.0032,1,3,2732817,152910,4.96474
19.0032,1,3,2885765,152946,4.96459
