timestamp,thread_id,connection_num,requests_completed,throughput,gbit_per_second
1.00243,0,0,147456,147456,4.8317
2.00243,0,0,294520,147064,4.81899
3.00243,0,0,441663,147143,4.82158
4.00243,0,0,588547,146884,4.81309
5.00243,0,0,735492,146945,4.81509
6.00243,0,0,882451,146959,4.81555
7.00243,0,0,1029505,147054,4.81866
8.00243,0,0,1176576,147071,4.81922
9.00243,0,0,1323570,146994,4.8167
10.0024,0,0,1470646,147076,4.81938
11.0024,0,0,1619200,148554,4.86781
12.0024,0,0,1767721,148521,4.86673
13.0024,0,0,1916119,148398,4.8627
14.0024,0,0,2064671,148552,4.86775
15.0024,0,0,2213137,148466,4.86493
16.0024,0,0,2361720,148583,4.86876
17.0024,0,0,2510262,148542,4.86742
18.0024,0,0,2658767,148505,4.86621
19.0024,0,0,2807369,148602,4.86939
20.0024,0,0,2955822,148453,4.8645
21.0024,0,0,3104306,148484,4.86552
22.0024,0,0,3252749,148443,4.86417
23.0024,0,0,3401080,148331,4.8605
24.0024,0,0,3549457,148377,4.86202
25.0024,0,0,3697935,148478,4.86532
26.0024,0,0,3846582,148647,4.87086
27.0025,0,0,3995725,149143,4.88711
28.0025,0,0,4145064,149339,4.89353
29.0025,0,0,4294415,149351,4.89393
1.00243,0,1,147456,147456,4.83163
2.00243,0,1,294501,147045,4.81837
3.00243,0,1,441697,147196,4.82331
4.00243,0,1,588546,146849,4.81194
5.00243,0,1,735491,146945,4.81509
6.00243,0,1,882450,146959,4.81555
7.00243,0,1,1029477,147027,4.81778
8.00243,0,1,1176576,147099,4.82013
9.00243,0,1,1323589,147013,4.81732
10.0024,0,1,1470705,147116,4.82069
11.0024,0,1,1619200,148495,4.86588
12.0024,0,1,1767731,148531,4.86706
13.0024,0,1,1916160,148429,4.86372
14.0024,0,1,2064672,148512,4.86644
15.0024,0,1,2213136,148464,4.86487
16.0024,0,1,2361701,148565,4.86817
17.0024,0,1,2510304,148603,4.86942
18.0024,0,1,2658816,148512,4.86643
19.0024,0,1,2807397,148581,4.8687
20.0024,0,1,2955838,148441,4.86411
21.0024,0,1,3104325,148487,4.86562
22.0024,0,1,3252749,148424,4.86355
23.0024,0,1,3401061,148312,4.85988
24.0024,0,1,3549456,148395,4.86261
25.0024,0,1,3697935,148479,4.86535
26.0024,0,1,3846654,148719,4.87322
27.0025,0,1,3995749,149095,4.88554
28.0025,0,1,4145031,149282,4.89166
29.0025,0,1,4294415,149384,4.89501
1.00243,0,2,147456,147456,4.83155
2.00243,0,2,294556,147100,4.82017
3.00243,0,2,441699,147143,4.82158
4.00243,0,2,588546,146847,4.81187
5.00243,0,2,735491,146945,4.81509
6.00243,0,2,882450,146959,4.81555
7.00243,0,2,1029615,147165,4.8223
8.00243,0,2,1176576,146961,4.81561
9.00243,0,2,1323591,147015,4.81739
10.0024,0,2,1470720,147129,4.82112
11.0024,0,2,1619200,148480,4.86539
12.0024,0,2,1767730,148530,4.86703
13.0024,0,2,1916160,148430,4.86375
14.0024,0,2,2064677,148517,4.8666
15.0024,0,2,2213136,148459,4.8647
16.0024,0,2,2361792,148656,4.87115
17.0024,0,2,2510336,148544,4.86749
18.0024,0,2,2658816,148480,4.86539
19.0024,0,2,2807401,148585,4.86883
20.0024,0,2,2955839,148438,4.86401
21.0024,0,2,3104326,148487,4.86562
22.0024,0,2,3252749,148423,4.86352
23.0024,0,2,3401068,148319,4.86011
24.0024,0,2,3549456,148388,4.86238
25.0024,0,2,3697934,148478,4.86532
26.0024,0,2,3846656,148722,4.87331
27.0025,0,2,3995753,149097,4.8856
28.0025,0,2,4145152,149399,4.8955
29.0025,0,2,4294414,149262,4.89101
1.00243,0,3,147334,147334,4.82751
2.00243,0,3,294504,147170,4.82247
3.00243,0,3,441666,147162,4.8222
4.00243,0,3,588464,146798,4.81027
5.00243,0,3,735408,146944,4.81506
6.00243,0,3,882450,147042,4.81827
7.00243,0,3,1029480,147030,4.81788
8.00243,0,3,1176478,146998,4.81682
9.00243,0,3,1323574,147096,4.82004
10.0024,0,3,1470569,146995,4.81673
11.0024,0,3,1619080,148511,4.8664
12.0024,0,3,1767726,148646,4.87083
13.0024,0,3,1916037,148311,4.85985
14.0024,0,3,2064671,148634,4.87043
15.0024,0,3,2213119,148448,4.86434
16.0024,0,3,2361704,148585,4.86883
17.0024,0,3,2510185,148481,4.86542
18.0024,0,3,2658691,148506,4.86624
19.0024,0,3,2807372,148681,4.87198
20.0024,0,3,2955822,148450,4.8644
21.0024,0,3,3104309,148487,4.86562
22.0024,0,3,3252698,148389,4.8624
23.0024,0,3,3401064,148366,4.86165
24.0024,0,3,3549440,148376,4.86198
25.0024,0,3,3697888,148448,4.86434
26.0024,0,3,3846505,148617,4.86987
27.0025,0,3,3995729,149224,4.88977
28.0025,0,3,4145000,149271,4.8913
29.0025,0,3,4294369,149369,4.89452
1.00234,1,0,146557,146557,4.80228
2.00234,1,0,293551,146994,4.8167
3.00234,1,0,440365,146814,4.8108
4.00235,1,0,586966,146601,4.80381
5.00235,1,0,733440,146474,4.79965
6.00235,1,0,880128,146688,4.80667
7.00235,1,0,1026813,146685,4.80657
8.00235,1,0,1173364,146551,4.80218
9.00235,1,0,1320061,146697,4.80697
10.0026,1,0,1462346,142256,4.65994
11.0026,1,0,1580921,118565,3.87522
12.0026,1,0,1699266,118345,3.86829
13.0026,1,0,1817909,118643,3.87783
14.0027,1,0,1936392,118480,3.87196
15.0029,1,0,2054729,118307,3.86619
16.0029,1,0,2173161,118432,3.87092
17.0029,1,0,2291978,118817,3.88409
18.003,1,0,2410655,118669,3.87974
19.003,1,0,2529276,118620,3.87864
20.003,1,0,2648110,118834,3.88437
21.003,1,0,2766776,118666,3.87901
22.003,1,0,2885396,118617,3.877
23.003,1,0,3003812,118416,3.87065
24.003,1,0,3122512,118700,3.88012
25.003,1,0,3241420,118906,3.88636
26.0031,1,0,3360256,118833,3.88329
27.0031,1,0,3479012,118756,3.88206
28.0031,1,0,3597840,118828,3.88389
29.0031,1,0,3715998,118158,3.86272
1.00234,1,1,146522,146522,4.80114
2.00234,1,1,293494,146972,4.81598
3.00234,1,1,440355,146861,4.81234
4.00235,1,1,586909,146554,4.80227
5.00235,1,1,733440,146531,4.80151
6.00235,1,1,880050,146610,4.80411
7.00235,1,1,1026728,146678,4.80634
8.00235,1,1,1173298,146570,4.8028
9.00235,1,1,1320005,146707,4.80729
10.0026,1,1,1463085,143051,4.68748
11.0026,1,1,1584128,121033,3.96602
12.0026,1,1,1704960,120832,3.95942
13.0026,1,1,1826048,121088,3.96781
14.0027,1,1,1947057,121006,3.96511
15.0029,1,1,2067712,120624,3.95261
16.0029,1,1,2188589,120877,3.9609
17.0029,1,1,2309733,121144,3.96964
18.003,1,1,2430720,120979,3.96425
19.003,1,1,2551585,120864,3.96048
20.003,1,1,2672795,121210,3.97181
21.003,1,1,2793728,120933,3.96273
22.003,1,1,2914680,120948,3.96324
23.003,1,1,3035648,120968,3.96388
24.003,1,1,3156480,120832,3.95942
25.003,1,1,3277621,121139,3.96949
26.0031,1,1,3398783,121158,3.97012
27.0031,1,1,3520192,121409,3.97833
28.0031,1,1,3641323,121131,3.96922
29.0031,1,1,3762070,120747,3.95663
1.00234,1,2,146494,146494,4.80016
2.00234,1,2,293444,146950,4.81525
3.00234,1,2,440360,146916,4.81414
4.00235,1,2,586851,146491,4.80021
5.00235,1,2,733360,146509,4.80079
6.00235,1,2,879971,146611,4.80414
7.00235,1,2,1026659,146688,4.80666
8.00235,1,2,1173295,146636,4.80496
9.00235,1,2,1319986,146691,4.80677
10.0026,1,2,1463085,143070,4.6881
11.0026,1,2,1583995,120900,3.96166
12.0026,1,2,1704876,120881,3.96102
13.0026,1,2,1825983,121107,3.96843
14.0027,1,2,1946979,120993,3.96469
15.0029,1,2,2067642,120632,3.95288
16.0029,1,2,2188589,120947,3.96319
17.0029,1,2,2309696,121107,3.96843
18.003,1,2,2430700,120996,3.9648
19.003,1,2,2551584,120883,3.96111
20.003,1,2,2672739,121155,3.97001
21.003,1,2,2793657,120918,3.96224
22.003,1,2,2914631,120970,3.96396
23.003,1,2,3035505,120874,3.9608
24.003,1,2,3156457,120952,3.96335
25.003,1,2,3277618,121159,3.97015
26.0031,1,2,3398733,121111,3.96858
27.0031,1,2,3520099,121366,3.97692
28.0031,1,2,3641190,121091,3.96791
29.0031,1,2,3762019,120829,3.95932
1.00234,1,3,146594,146594,4.80357
2.00234,1,3,293566,146972,4.81598
3.00234,1,3,440364,146798,4.81028
4.00235,1,3,586982,146618,4.80437
5.00235,1,3,733440,146458,4.79912
6.00235,1,3,880112,146672,4.80614
7.00235,1,3,1026800,146688,4.80666
8.00235,1,3,1173347,146547,4.80204
9.00235,1,3,1320076,146729,4.80802
10.0026,1,3,1462860,142755,4.6766
11.0026,1,3,1581572,118702,3.87568
12.0026,1,3,1699989,118417,3.86888
13.0026,1,3,1818670,118681,3.87566
14.0027,1,3,1937094,118421,3.86845
15.0029,1,3,2055636,118512,3.87265
16.0029,1,3,2174048,118412,3.86798
17.0029,1,3,2292962,118914,3.88408
18.003,1,3,2411808,118838,3.88227
19.003,1,3,2530507,118698,3.87594
20.003,1,3,2649460,118953,3.88472
21.003,1,3,2768114,118654,3.87592
22.003,1,3,2886974,118857,3.88283
23.003,1,3,3005384,118410,3.86767
24.003,1,3,3124299,118915,3.88258
25.003,1,3,3243253,118952,3.88479
26.0031,1,3,3362162,118906,3.88348
27.0031,1,3,3481079,118917,3.88423
28.0031,1,3,3599886,118807,3.88267
29.0031,1,3,3718068,118182,3.86091
1.00229,2,0,147869,147869,4.84521
2.00229,2,0,296032,148163,4.855
3.00229,2,0,443931,147899,4.84635
4.00229,2,0,592165,148234,4.85733
5.00229,2,0,740385,148220,4.85687
6.00229,2,0,888678,148293,4.85926
7.00229,2,0,1036888,148210,4.85654
8.00229,2,0,1184865,147977,4.84891
9.00229,2,0,1333088,148223,4.85696
10.0023,2,0,1477282,144194,4.72329
11.0023,2,0,1595916,118634,3.87566
12.0023,2,0,1714248,118332,3.86724
13.0025,2,0,1833022,118750,3.8804
14.0025,2,0,1951487,118465,3.8695
15.0025,2,0,2069855,118368,3.86744
16.0026,2,0,2188319,118456,3.8706
17.0027,2,0,2307288,118958,3.88559
18.0027,2,0,2426005,118717,3.87822
19.0027,2,0,2544631,118626,3.87557
20.0027,2,0,2663670,119039,3.88943
21.0027,2,0,2782317,118647,3.87596
22.0027,2,0,2901045,118728,3.87806
23.0027,2,0,3019546,118496,3.8717
24.0027,2,0,3138285,118739,3.87907
25.0027,2,0,3257139,118854,3.884
26.0027,2,0,3376041,118902,3.88391
27.0027,2,0,3494922,118881,3.88372
28.0027,2,0,3613824,118902,3.88399
29.0028,2,0,3732122,118286,3.86418
1.00229,2,1,148004,148004,4.84969
2.00229,2,1,296138,148134,4.85405
3.00229,2,1,443940,147802,4.84317
4.00229,2,1,592210,148270,4.85851
5.00229,2,1,740428,148218,4.85681
6.00229,2,1,888868,148440,4.86408
7.00229,2,1,1036976,148108,4.8532
8.00229,2,1,1185060,148084,4.85242
9.00229,2,1,1333193,148133,4.85401
10.0023,2,1,1478366,145173,4.75702
11.0023,2,1,1604769,126403,4.14197
12.0023,2,1,1731355,126586,4.14796
13.0025,2,1,1857839,126459,4.14381
14.0025,2,1,1984642,126803,4.15507
15.0025,2,1,2111268,126626,4.14928
16.0026,2,1,2237476,126200,4.13531
17.0027,2,1,2363940,126452,4.14359
18.0027,2,1,2490374,126434,4.14299
19.0027,2,1,2616593,126219,4.13594
20.0027,2,1,2743060,126467,4.14407
21.0027,2,1,2869515,126455,4.14368
22.0027,2,1,2995934,126419,4.1425
23.0027,2,1,3122212,126272,4.13769
24.0027,2,1,3248854,126642,4.1498
25.0027,2,1,3375396,126542,4.14653
26.0027,2,1,3502038,126642,4.1498
27.0027,2,1,3628558,126520,4.1458
28.0027,2,1,3754919,126361,4.14059
29.0028,2,1,3881316,126385,4.14137
1.00229,2,2,148004,148004,4.84969
2.00229,2,2,296084,148080,4.85228
3.00229,2,2,443940,147856,4.84494
4.00229,2,2,592169,148229,4.85716
5.00229,2,2,740393,148224,4.857
6.00229,2,2,888868,148475,4.86522
7.00229,2,2,1036921,148053,4.8514
8.00229,2,2,1185060,148139,4.85422
9.00229,2,2,1333139,148079,4.85224
10.0023,2,2,1478354,145215,4.7584
11.0023,2,2,1604715,126361,4.14059
12.0023,2,2,1731354,126639,4.1497
13.0025,2,2,1857828,126449,4.14348
14.0025,2,2,1984588,126760,4.15366
15.0025,2,2,2111268,126680,4.15105
16.0026,2,2,2237476,126200,4.13531
17.0027,2,2,2363940,126452,4.14359
18.0027,2,2,2490374,126434,4.14299
19.0027,2,2,2616592,126218,4.13591
20.0027,2,2,2743059,126467,4.14407
21.0027,2,2,2869514,126455,4.14368
22.0027,2,2,2995934,126420,4.14253
23.0027,2,2,3122212,126272,4.13769
24.0027,2,2,3248819,126607,4.14865
25.0027,2,2,3375396,126577,4.14767
26.0027,2,2,3502010,126614,4.14888
27.0027,2,2,3628558,126548,4.14672
28.0027,2,2,3754865,126307,4.13882
29.0028,2,2,3881271,126394,4.14167
1.00229,2,3,147969,147969,4.84843
2.00229,2,3,296038,148069,4.85192
3.00229,2,3,443931,147893,4.84615
4.00229,2,3,592164,148233,4.85729
5.00229,2,3,740384,148220,4.85687
6.00229,2,3,888808,148424,4.86355
7.00229,2,3,1036886,148078,4.85221
8.00229,2,3,1184956,148070,4.85196
9.00229,2,3,1333094,148138,4.85418
10.0023,2,3,1478246,145152,4.75633
11.0023,2,3,1604680,126434,4.14299
12.0023,2,3,1731174,126494,4.14495
13.0025,2,3,1857819,126620,4.14908
14.0025,2,3,1984563,126744,4.15314
15.0025,2,3,2111144,126581,4.1478
16.0026,2,3,2237298,126146,4.13354
17.0027,2,3,2363877,126567,4.14735
18.0027,2,3,2490214,126337,4.13981
19.0027,2,3,2616422,126208,4.13558
20.0027,2,3,2742886,126464,4.14397
21.0027,2,3,2869350,126464,4.14397
22.0027,2,3,2995814,126464,4.14397
23.0027,2,3,3122183,126363,4.14068
24.0027,2,3,3248742,126559,4.14708
25.0027,2,3,3375220,126478,4.14443
26.0027,2,3,3501926,126706,4.1519
27.0027,2,3,3628390,126464,4.14397
28.0027,2,3,3754830,126440,4.14318
29.0028,2,3,3881253,126411,4.14223
1.00249,3,0,120679,120679,3.95432
2.00249,3,0,242207,121528,3.98223
3.00249,3,0,363655,121448,3.9796
4.00251,3,0,485128,121471,3.98036
5.00251,3,0,606505,121377,3.97728
6.00251,3,0,728081,121576,3.9838
7.00254,3,0,849666,121582,3.98399
8.00254,3,0,971243,121577,3.98383
9.00254,3,0,1092799,121556,3.98315
10.0025,3,0,1214746,121947,3.99596
11.0025,3,0,1334042,119296,3.90909
12.0025,3,0,1453245,119203,3.90604
13.0026,3,0,1572662,119405,3.91267
14.0026,3,0,1691938,119276,3.90843
15.0026,3,0,1811095,119157,3.90454
16.0026,3,0,1930330,119235,3.90709
17.0026,3,0,2049850,119520,3.91643
18.0027,3,0,2169207,119354,3.911
19.0027,3,0,2288640,119433,3.91358
20.0027,3,0,2408227,119587,3.91862
21.0028,3,0,2527556,119312,3.9096
22.0028,3,0,2646975,119419,3.91312
23.0028,3,0,2766260,119285,3.90873
24.0028,3,0,2885711,119451,3.91417
25.0028,3,0,3005270,119559,3.91771
26.0028,3,0,3124778,119508,3.91603
27.0028,3,0,3244322,119544,3.91722
28.0028,3,0,3363825,119503,3.91587
29.0028,3,0,3482925,119100,3.90267
1.00249,3,1,120729,120729,3.95599
2.00249,3,1,242212,121483,3.98075
3.00249,3,1,363704,121492,3.98104
4.00251,3,1,485128,121422,3.97876
5.00251,3,1,606520,121392,3.97777
6.00251,3,1,728081,121561,3.9833
7.00254,3,1,849666,121582,3.98399
8.00254,3,1,971215,121549,3.98292
9.00254,3,1,1092815,121600,3.98459
10.0025,3,1,1214751,121936,3.9956
11.0025,3,1,1334047,119296,3.90909
12.0025,3,1,1453263,119216,3.90647
13.0026,3,1,1572711,119436,3.91369
14.0026,3,1,1691954,119243,3.90735
15.0026,3,1,1811145,119191,3.90565
16.0026,3,1,1930380,119235,3.90709
17.0026,3,1,2049900,119520,3.91643
18.0027,3,1,2169257,119354,3.911
19.0027,3,1,2288640,119383,3.91194
20.0027,3,1,2408242,119602,3.91912
21.0028,3,1,2527606,119347,3.91075
22.0028,3,1,2646991,119385,3.912
23.0028,3,1,2766287,119296,3.90909
24.0028,3,1,2885761,119474,3.91492
25.0028,3,1,3005320,119559,3.91771
26.0028,3,1,3124794,119474,3.91492
27.0028,3,1,3244337,119543,3.91718
28.0028,3,1,3363810,119473,3.91489
29.0028,3,1,3482953,119143,3.90408
1.00249,3,2,120672,120672,3.95405
2.00249,3,2,242209,121537,3.98252
3.00249,3,2,363648,121439,3.97931
4.00251,3,2,485127,121477,3.98056
5.00251,3,2,606506,121379,3.97734
6.00251,3,2,728081,121575,3.98376
7.00254,3,2,849666,121582,3.98399
8.00254,3,2,971248,121582,3.984
9.00254,3,2,1092820,121572,3.98367
10.0025,3,2,1214736,121916,3.99474
11.0025,3,2,1333163,118427,3.87497
12.0025,3,2,1451354,118191,3.86744
13.0026,3,2,1569849,118483,3.8765
14.0026,3,2,1688168,118319,3.87104
15.0026,3,2,1806436,118268,3.8701
16.0026,3,2,1924654,118218,3.86808
17.0026,3,2,2043351,118697,3.88459
18.0027,3,2,2161973,118619,3.88219
19.0027,3,2,2280440,118467,3.8756
20.0027,3,2,2399150,118710,3.8852
21.0028,3,2,2517688,118521,3.87851
22.0028,3,2,2636253,118565,3.87917
23.0028,3,2,2754469,118216,3.86852
24.0028,3,2,2873125,118656,3.88248
25.0028,3,2,2991824,118699,3.88425
26.0028,3,2,3110502,118678,3.88379
27.0028,3,2,3229194,118692,3.8835
28.0028,3,2,3347885,118691,3.88415
29.0028,3,2,3465977,118092,3.86367
1.00249,3,3,120671,120671,3.95403
2.00249,3,3,242207,121536,3.98249
3.00249,3,3,363647,121440,3.97934
4.00251,3,3,485127,121478,3.98059
5.00251,3,3,606500,121373,3.97715
6.00251,3,3,728080,121580,3.98393
7.00254,3,3,849666,121583,3.98402
8.00254,3,3,971260,121594,3.98439
9.00254,3,3,1092803,121543,3.98272
10.0025,3,3,1214749,121946,3.99593
11.0025,3,3,1334043,119294,3.90902
12.0025,3,3,1453219,119176,3.90516
13.0026,3,3,1572660,119429,3.91346
14.0026,3,3,1691937,119277,3.90846
15.0026,3,3,1811088,119151,3.90434
16.0026,3,3,1930323,119235,3.90709
17.0026,3,3,2049845,119522,3.9165
18.0027,3,3,2169199,119351,3.9109
19.0027,3,3,2288638,119439,3.91377
20.0027,3,3,2408226,119588,3.91866
21.0028,3,3,2527549,119306,3.90941
22.0028,3,3,2646975,119426,3.91335
23.0028,3,3,2766243,119268,3.90817
24.0028,3,3,2885703,119460,3.91446
25.0028,3,3,3005263,119560,3.91774
26.0028,3,3,3124772,119509,3.91606
27.0028,3,3,3244321,119549,3.91738
28.0028,3,3,3363836,119515,3.91626
29.0028,3,3,3482916,119080,3.90201
