timestamp,thread_id,connection_num,requests_completed,throughput,gbit_per_second
1.00188,0,0,150317,150317,4.92356
2.00188,0,0,303413,153096,5.01648
3.00188,0,0,454914,151501,4.96123
4.00189,0,0,606490,151575,4.96488
5.00189,0,0,759253,152763,5.0044
6.00189,0,0,912002,152749,5.00348
7.00189,0,0,1063852,151850,4.97481
8.00189,0,0,1215472,151620,4.96781
9.00189,0,0,1367672,152200,4.98618
10.0019,0,0,1518945,151273,4.95335
11.0019,0,0,1671247,152302,4.98933
12.0019,0,0,1823831,152584,4.99904
13.0019,0,0,1976011,152180,4.98517
14.0019,0,0,2128001,151990,4.97811
15.0019,0,0,2279432,151431,4.96172
16.0019,0,0,2430010,150578,4.93021
17.0019,0,0,2581657,151647,4.96785
18.0019,0,0,2733270,151613,4.96689
19.0019,0,0,2885945,152675,5.00075
1.00188,0,1,149954,149954,4.89776
2.00188,0,1,302760,152806,5.00302
3.00188,0,1,454146,151386,4.95549
4.00189,0,1,605522,151375,4.95641
5.00189,0,1,758358,152836,5.00813
6.00189,0,1,910988,152630,4.9989
7.00189,0,1,1062817,151829,4.97378
8.00189,0,1,1214258,151441,4.95887
9.00189,0,1,1366394,152136,4.98337
10.0019,0,1,1517657,151263,4.95473
11.0019,0,1,1669998,152341,4.99146
12.0019,0,1,1822313,152315,4.98828
13.0019,0,1,1974274,151961,4.97383
14.0019,0,1,2126018,151744,4.96576
15.0019,0,1,2276753,150735,4.92665
16.0019,0,1,2427263,150510,4.92824
17.0019,0,1,2578879,151616,4.96388
18.0019,0,1,2730436,151557,4.96545
19.0019,0,1,2882957,152521,4.99351
1.00188,0,2,149614,149614,4.87239
2.00188,0,2,302043,152429,4.96856
3.00188,0,2,452971,150928,4.91325
4.00189,0,2,604231,151259,4.93803
5.00189,0,2,756504,152273,4.96571
6.00189,0,2,908832,152328,4.9703
7.00189,0,2,1059843,151011,4.91101
8.00189,0,2,1210833,150990,4.921
9.00189,0,2,1362526,151693,4.94571
10.0019,0,2,1513192,150666,4.90392
11.0019,0,2,1664913,151721,4.94591
12.0019,0,2,1817351,152438,4.98505
13.0019,0,2,1969073,151722,4.94942
14.0019,0,2,2120635,151562,4.94256
15.0019,0,2,2271519,150884,4.9232
16.0019,0,2,2421188,149669,4.86082
17.0019,0,2,2572460,151272,4.93478
18.0019,0,2,2723441,150981,4.92112
19.0019,0,2,2875731,152290,4.97169
1.00188,0,3,150164,150164,4.91834
2.00188,0,3,302992,152828,5.00467
3.00188,0,3,454465,151473,4.96015
4.00189,0,3,605474,151008,4.93925
5.00189,0,3,757930,152456,4.98966
6.00189,0,3,910580,152650,5.00032
7.00189,0,3,1062293,151713,4.96942
8.00189,0,3,1213684,151391,4.95343
9.00189,0,3,1365715,152031,4.97882
10.0019,0,3,1516989,151274,4.95314
11.0019,0,3,1669303,152314,4.99039
12.0019,0,3,1821884,152581,4.99833
13.0019,0,3,1973765,151881,4.97163
14.0019,0,3,2125561,151796,4.9708
15.0019,0,3,2276726,151165,4.95024
16.0019,0,3,2427407,150681,4.93541
17.0019,0,3,2578838,151431,4.95639
18.0019,0,3,2730213,151375,4.9572
19.0019,0,3,2882919,152706,5.00201
1.0019,1,0,143081,143081,4.64638
2.0019,1,0,288016,144935,4.71016
3.0019,1,0,434036,146020,4.74873
4.0019,1,0,578919,144883,4.70681
5.0019,1,0,725427,146508,4.76714
6.0019,1,0,873390,147963,4.817
7.00191,1,0,1017220,143830,4.66209
8.00191,1,0,1164245,147025,4.7879
9.00191,1,0,1308498,144253,4.68682
10.0019,1,0,1453218,144720,4.69372
11.0019,1,0,1598883,145665,4.73503
12.0019,1,0,1746022,147139,4.80004
13.0019,1,0,1892248,146226,4.76132
14.0019,1,0,2038418,146170,4.75327
15.0019,1,0,2185680,147262,4.79182
16.0019,1,0,2330224,144544,4.68237
17.0019,1,0,2478138,147914,4.82428
18.0019,1,0,2622615,144477,4.68697
19.0019,1,0,2769447,146832,4.78935
1.0019,1,1,144062,144062,4.71104
2.0019,1,1,289928,145866,4.77631
3.0019,1,1,436895,146967,4.81391
4.0019,1,1,583131,146236,4.79009
5.0019,1,1,730736,147605,4.83486
6.0019,1,1,879770,149034,4.88355
7.00191,1,1,1024851,145081,4.74998
8.00191,1,1,1172621,147770,4.83996
9.00191,1,1,1317698,145077,4.7463
10.0019,1,1,1463502,145804,4.76885
11.0019,1,1,1610450,146948,4.81257
12.0019,1,1,1758027,147577,4.83294
13.0019,1,1,1904983,146956,4.81267
14.0019,1,1,2051926,146943,4.80869
15.0019,1,1,2199916,147990,4.84556
16.0019,1,1,2345936,146020,4.78231
17.0019,1,1,2494319,148383,4.86042
18.0019,1,1,2640031,145712,4.76894
19.0019,1,1,2786797,146766,4.79658
1.0019,1,2,144284,144284,4.71935
2.0019,1,2,290314,146030,4.78511
3.0019,1,2,437416,147102,4.82023
4.0019,1,2,583761,146345,4.79543
5.0019,1,2,731517,147756,4.84167
6.0019,1,2,880538,149021,4.88312
7.00191,1,2,1025886,145348,4.76275
8.00191,1,2,1173819,147933,4.84746
9.00191,1,2,1319313,145494,4.76754
10.0019,1,2,1465508,146195,4.79051
11.0019,1,2,1612594,147086,4.81971
12.0019,1,2,1760283,147689,4.83947
13.0019,1,2,1907460,147177,4.82269
14.0019,1,2,2054762,147302,4.82675
15.0019,1,2,2203016,148254,4.85799
16.0019,1,2,2349167,146151,4.78907
17.0019,1,2,2497661,148494,4.86585
18.0019,1,2,2643718,146057,4.78599
19.0019,1,2,2791182,147464,4.8321
1.0019,1,3,143661,143661,4.69459
2.0019,1,3,289542,145881,4.77797
3.0019,1,3,436221,146679,4.80183
4.0019,1,3,582161,145940,4.77467
5.0019,1,3,729600,147439,4.82851
6.0019,1,3,878614,149014,4.8825
7.00191,1,3,1023597,144983,4.74746
8.00191,1,3,1171349,147752,4.83757
9.00191,1,3,1316362,145013,4.74539
10.0019,1,3,1462432,146070,4.78367
11.0019,1,3,1609458,147026,4.81661
12.0019,1,3,1756499,147041,4.81066
13.0019,1,3,1903563,147064,4.81766
14.0019,1,3,2050593,147030,4.81112
15.0019,1,3,2198693,148100,4.85039
16.0019,1,3,2344768,146075,4.78574
17.0019,1,3,2493081,148313,4.85639
18.0019,1,3,2638884,145803,4.7739
19.0019,1,3,2786040,147156,4.81671
