timestamp,thread_id,connection_num,message_count,throughput,gbit_per_second
1.00003,0,0,145625,145620,4.74032
2.00003,0,0,297791,152166,4.95254
3.00003,0,0,448789,150998,4.91446
4.00003,0,0,601794,153005,4.97979
5.00003,0,0,754111,152317,4.95733
6.00003,0,0,906448,152337,4.95786
7.00004,0,0,1056681,150232,4.8896
8.00004,0,0,1207307,150626,4.9021
9.00004,0,0,1358751,151444,4.92856
10,0,0,1507755,149004,4.84925
11.0001,0,0,1658239,150478,4.89754
12.0001,0,0,1808709,150470,4.89712
13.0001,0,0,1960410,151701,4.93718
14.0001,0,0,2111499,151089,4.91729
15.0001,0,0,2264673,153174,4.98526
16.0001,0,0,2414373,149700,4.87219
17.0001,0,0,2567006,152633,4.96738
18.0002,0,0,2716891,149874,4.87806
19.0002,0,0,2866124,149232,4.85684
1.00003,0,1,146031,146026,4.75353
2.00003,0,1,298512,152481,4.96269
3.00003,0,1,450006,151494,4.93035
4.00003,0,1,602960,152954,4.97821
5.00003,0,1,755635,152675,4.96906
6.00003,0,1,907872,152237,4.95475
7.00004,0,1,1059105,151232,4.92199
8.00004,0,1,1210612,151507,4.93097
9.00004,0,1,1362369,151757,4.939
10,0,1,1512074,149705,4.87233
11.0001,0,1,1663373,151293,4.92388
12.0001,0,1,1813849,150476,4.89742
13.0001,0,1,1966183,152334,4.95785
14.0001,0,1,2117705,151522,4.93125
15.0001,0,1,2270915,153210,4.98629
16.0001,0,1,2420612,149697,4.87202
17.0001,0,1,2573258,152646,4.96807
18.0002,0,1,2723015,149746,4.87363
19.0002,0,1,2871617,148601,4.83628
1.00003,0,2,143462,143458,4.66973
2.00003,0,2,291695,148233,4.82452
3.00003,0,2,440205,148510,4.8333
4.00003,0,2,588009,147804,4.81047
5.00003,0,2,735903,147894,4.81313
6.00003,0,2,884142,148239,4.82469
7.00004,0,2,1031769,147626,4.80462
8.00004,0,2,1178933,147164,4.78969
9.00004,0,2,1326747,147814,4.8106
10,0,2,1475011,148264,4.82532
11.0001,0,2,1622096,147079,4.78681
12.0001,0,2,1769463,147367,4.79622
13.0001,0,2,1917289,147826,4.81117
14.0001,0,2,2065856,148567,4.83483
15.0001,0,2,2214298,148442,4.83107
16.0001,0,2,2362115,147817,4.81092
17.0001,0,2,2512437,150322,4.8924
18.0002,0,2,2660112,147664,4.80595
19.0002,0,2,2809363,149250,4.85777
1.00003,0,3,146455,146450,4.76713
2.00003,0,3,299112,152657,4.96817
3.00003,0,3,450806,151694,4.93704
4.00003,0,3,603790,152984,4.97886
5.00003,0,3,756732,152942,4.97756
6.00003,0,3,909210,152478,4.96254
7.00004,0,3,1060611,151400,4.92733
8.00004,0,3,1212100,151489,4.93038
9.00004,0,3,1364027,151927,4.94445
10,0,3,1514082,150055,4.8836
11.0001,0,3,1665347,151259,4.92275
12.0001,0,3,1816220,150873,4.9102
13.0001,0,3,1968546,152326,4.95741
14.0001,0,3,2119910,151364,4.92635
15.0001,0,3,2273088,153178,4.98548
16.0001,0,3,2423213,150125,4.88606
17.0001,0,3,2575875,152662,4.96826
18.0002,0,3,2726271,150385,4.89439
19.0002,0,3,2875326,149054,4.85118
1,1,0,141435,141435,4.6258
2,1,0,289098,147663,4.80591
3.00004,1,0,437737,148634,4.83751
4.00004,1,0,585442,147705,4.80721
5.00004,1,0,732471,147029,4.78554
6.00038,1,0,881096,148574,4.83545
7.00038,1,0,1029022,147926,4.81446
8.00038,1,0,1176790,147768,4.80949
9.00038,1,0,1324882,148092,4.81985
10.0004,1,0,1473662,148780,4.84227
11.0004,1,0,1621192,147530,4.80137
12.0004,1,0,1768338,147146,4.78901
13.0004,1,0,1916236,147898,4.8134
14.0004,1,0,2064439,148203,4.82331
15.0004,1,0,2213018,148579,4.83566
16.0004,1,0,2361204,148186,4.82257
17.0006,1,0,2511207,149965,4.8811
18.0006,1,0,2658702,147495,4.80018
19.0006,1,0,2807331,148629,4.83724
1,1,1,141555,141555,4.62988
2,1,1,289839,148284,4.82591
3.00004,1,1,438328,148484,4.83244
4.00004,1,1,585445,147117,4.78799
5.00004,1,1,732507,147062,4.78618
6.00038,1,1,881250,148692,4.83944
7.00038,1,1,1029802,148552,4.83479
8.00038,1,1,1177771,147969,4.81594
9.00038,1,1,1325572,147801,4.81017
10.0004,1,1,1474335,148763,4.84142
11.0004,1,1,1621762,147427,4.79788
12.0004,1,1,1769315,147553,4.80224
13.0004,1,1,1917226,147911,4.81403
14.0004,1,1,2065779,148553,4.83483
15.0004,1,1,2214602,148823,4.84338
16.0004,1,1,2362487,147885,4.81301
17.0006,1,1,2512820,150295,4.89124
18.0006,1,1,2660582,147762,4.80908
19.0006,1,1,2809706,149124,4.85321
1,1,2,141214,141214,4.61859
2,1,2,289245,148031,4.8177
3.00004,1,2,437876,148626,4.83722
4.00004,1,2,585277,147401,4.79705
5.00004,1,2,732292,147015,4.78464
6.00038,1,2,881197,148854,4.84444
7.00038,1,2,1029352,148155,4.82176
8.00038,1,2,1176636,147284,4.79368
9.00038,1,2,1324785,148149,4.82133
10.0004,1,2,1473606,148821,4.84348
11.0004,1,2,1621198,147592,4.80345
12.0004,1,2,1768769,147571,4.80264
13.0004,1,2,1916524,147755,4.80875
14.0004,1,2,2064965,148441,4.83106
15.0004,1,2,2213628,148663,4.83811
16.0004,1,2,2361942,148314,4.827
17.0006,1,2,2512278,150298,4.8914
18.0006,1,2,2660490,148212,4.82353
19.0006,1,2,2809610,149120,4.85326
1,1,3,142794,142794,4.67018
2,1,3,295179,152385,4.95956
3.00004,1,3,445802,150618,4.90195
4.00004,1,3,598566,152764,4.97196
5.00004,1,3,750654,152088,4.94976
6.00038,1,3,902861,152155,4.95202
7.00038,1,3,1054169,151308,4.92453
8.00038,1,3,1205659,151490,4.93036
9.00038,1,3,1357459,151800,4.94051
10.0004,1,3,1507180,149721,4.87263
11.0004,1,3,1658171,150991,4.91389
12.0004,1,3,1808571,150400,4.89492
13.0004,1,3,1960538,151967,4.94583
14.0004,1,3,2111824,151286,4.92387
15.0004,1,3,2265037,153213,4.98648
16.0004,1,3,2414270,149233,4.85702
17.0006,1,3,2566892,152583,4.96601
18.0006,1,3,2717287,150395,4.89476
19.0006,1,3,2865901,148614,4.83665
