timestamp,thread_id,connection_num,requests_completed,throughput,gbit_per_second
1.00473,0,0,145553,145553,4.76935
2.00473,0,0,291529,145976,4.78333
3.00473,0,0,437449,145920,4.7815
4.00473,0,0,583227,145778,4.77685
5.00473,0,0,728926,145699,4.77426
6.00473,0,0,874953,146027,4.78501
7.00473,0,0,1020913,145960,4.78282
8.00473,0,0,1167220,146307,4.79419
9.00473,0,0,1313271,146051,4.7858
10.0047,0,0,1459401,146130,4.78838
11.0047,0,0,1605321,145920,4.7815
12.0047,0,0,1751480,146159,4.78933
13.0047,0,0,1897673,146193,4.79045
14.0047,0,0,2043593,145920,4.7815
15.0047,0,0,2189709,146116,4.78792
16.0047,0,0,2335744,146035,4.78527
17.0047,0,0,2481799,146055,4.78593
18.0047,0,0,2627934,146135,4.78855
19.0047,0,0,2774110,146176,4.78989
20.0047,0,0,2920031,145921,4.78153
21.0047,0,0,3065821,145790,4.77725
22.0047,0,0,3211761,145940,4.78216
23.0047,0,0,3357869,146108,4.78766
24.0047,0,0,3503624,145755,4.7761
25.0047,0,0,3649536,145912,4.78124
26.0047,0,0,3795472,145936,4.78203
27.0047,0,0,3941549,146077,4.78665
28.0048,0,0,4087241,145692,4.77403
29.0048,0,0,4232963,145722,4.77501
1.00473,0,1,145494,145494,4.76744
2.00473,0,1,291425,145931,4.78186
3.00473,0,1,437345,145920,4.7815
4.00473,0,1,583205,145860,4.77954
5.00473,0,1,728869,145664,4.77311
6.00473,0,1,874849,145980,4.78347
7.00473,0,1,1020849,146000,4.78413
8.00473,0,1,1167153,146304,4.79409
9.00473,0,1,1313201,146048,4.7857
10.0047,0,1,1459297,146096,4.78727
11.0047,0,1,1605217,145920,4.7815
12.0047,0,1,1751393,146176,4.78989
13.0047,0,1,1897569,146176,4.78989
14.0047,0,1,2043489,145920,4.7815
15.0047,0,1,2189626,146137,4.78861
16.0047,0,1,2335702,146076,4.78662
17.0047,0,1,2481713,146011,4.78448
18.0047,0,1,2627877,146164,4.7895
19.0047,0,1,2774053,146176,4.78989
20.0047,0,1,2919985,145932,4.78189
21.0047,0,1,3065777,145792,4.77731
22.0047,0,1,3211697,145920,4.7815
23.0047,0,1,3357793,146096,4.78727
24.0047,0,1,3503623,145830,4.77855
25.0047,0,1,3649502,145879,4.78016
26.0047,0,1,3795472,145970,4.78314
27.0047,0,1,3941463,145991,4.78383
28.0048,0,1,4087137,145674,4.77344
29.0048,0,1,4232962,145825,4.77839
1.00473,0,2,145476,145476,4.76668
2.00473,0,2,291430,145954,4.78261
3.00473,0,2,437350,145920,4.7815
4.00473,0,2,583091,145741,4.77564
5.00473,0,2,728876,145785,4.77708
6.00473,0,2,874854,145978,4.7834
7.00473,0,2,1020846,145992,4.78386
8.00473,0,2,1167150,146304,4.79409
9.00473,0,2,1313198,146048,4.7857
10.0047,0,2,1459302,146104,4.78753
11.0047,0,2,1605222,145920,4.7815
12.0047,0,2,1751398,146176,4.78989
13.0047,0,2,1897574,146176,4.78989
14.0047,0,2,2043494,145920,4.7815
15.0047,0,2,2189636,146142,4.78878
16.0047,0,2,2335664,146028,4.78504
17.0047,0,2,2481710,146046,4.78563
18.0047,0,2,2627883,146173,4.7898
19.0047,0,2,2773955,146072,4.78648
20.0047,0,2,2919982,146027,4.785
21.0047,0,2,3065774,145792,4.77731
22.0047,0,2,3211694,145920,4.7815
23.0047,0,2,3357784,146090,4.78707
24.0047,0,2,3503536,145752,4.776
25.0047,0,2,3649456,145920,4.7815
26.0047,0,2,3795376,145920,4.78151
27.0047,0,2,3941453,146077,4.78665
28.0048,0,2,4087142,145689,4.77393
29.0048,0,2,4232880,145738,4.77554
1.00473,0,3,145507,145507,4.76783
2.00473,0,3,291542,146035,4.78527
3.00473,0,3,437404,145862,4.7796
4.00473,0,3,583209,145805,4.77774
5.00473,0,3,728887,145678,4.77357
6.00473,0,3,874908,146021,4.78481
7.00473,0,3,1020918,146010,4.78445
8.00473,0,3,1167194,146276,4.79317
9.00473,0,3,1313276,146082,4.78681
10.0047,0,3,1459339,146063,4.78619
11.0047,0,3,1605286,145947,4.78238
12.0047,0,3,1751395,146109,4.78769
13.0047,0,3,1897671,146276,4.79317
14.0047,0,3,2043550,145879,4.78016
15.0047,0,3,2189658,146108,4.78766
16.0047,0,3,2335744,146086,4.78694
17.0047,0,3,2481754,146010,4.78445
18.0047,0,3,2627895,146141,4.78875
19.0047,0,3,2774071,146176,4.78989
20.0047,0,3,2920000,145929,4.78179
21.0047,0,3,3065826,145826,4.77843
22.0047,0,3,3211767,145941,4.78219
23.0047,0,3,3357795,146028,4.78504
24.0047,0,3,3503623,145828,4.77849
25.0047,0,3,3649536,145913,4.78127
26.0047,0,3,3795472,145936,4.78203
27.0047,0,3,3941475,146003,4.78422
28.0048,0,3,4087203,145728,4.77521
29.0048,0,3,4232962,145759,4.77623
1.00472,1,0,143791,143791,4.71151
2.00472,1,0,287662,143871,4.71436
3.00472,1,0,431535,143873,4.71443
4.00472,1,0,575588,144053,4.72033
5.00472,1,0,719716,144128,4.72278
6.00472,1,0,863919,144203,4.72524
7.00472,1,0,1008278,144359,4.73034
8.00472,1,0,1152687,144409,4.73199
9.00473,1,0,1297071,144384,4.73117
10.0047,1,0,1441477,144406,4.73189
11.0047,1,0,1585797,144320,4.72908
12.0047,1,0,1730148,144351,4.73009
13.0047,1,0,1874532,144384,4.73117
14.0047,1,0,2018618,144086,4.72141
15.0047,1,0,2162862,144244,4.72658
16.0047,1,0,2307162,144300,4.72841
17.0047,1,0,2451300,144138,4.72311
18.0047,1,0,2595578,144278,4.7277
19.0047,1,0,2739812,144234,4.72625
20.0047,1,0,2883871,144059,4.72052
21.0047,1,0,3028142,144271,4.72747
22.0047,1,0,3172452,144310,4.72874
23.0047,1,0,3316836,144384,4.73117
24.0047,1,0,3460964,144128,4.72278
25.0047,1,0,3604655,143691,4.70846
26.0047,1,0,3748964,144309,4.72872
27.0047,1,0,3893053,144089,4.7215
28.0047,1,0,4036526,143473,4.70132
29.0047,1,0,4179631,143105,4.68926
1.00472,1,1,143717,143717,4.70913
2.00472,1,1,287588,143871,4.71436
3.00472,1,1,431460,143872,4.7144
4.00472,1,1,575532,144072,4.72095
5.00472,1,1,719640,144108,4.72213
6.00472,1,1,863845,144205,4.7253
7.00472,1,1,1008222,144377,4.73093
8.00472,1,1,1152613,144391,4.7314
9.00473,1,1,1296997,144384,4.73117
10.0047,1,1,1441381,144384,4.73117
11.0047,1,1,1585746,144365,4.73055
12.0047,1,1,1730014,144268,4.72737
13.0047,1,1,1874282,144268,4.72737
14.0047,1,1,2018405,144123,4.72262
15.0047,1,1,2162788,144383,4.73114
16.0047,1,1,2306917,144129,4.72281
17.0047,1,1,2451199,144282,4.72783
18.0047,1,1,2595429,144230,4.72612
19.0047,1,1,2739715,144286,4.72796
20.0047,1,1,2883685,143970,4.7176
21.0047,1,1,3028068,144383,4.73114
22.0047,1,1,3172364,144296,4.72828
23.0047,1,1,3316694,144330,4.7294
24.0047,1,1,3460724,144030,4.71957
25.0047,1,1,3604581,143857,4.7139
26.0047,1,1,3748782,144201,4.72518
27.0047,1,1,3892837,144055,4.72039
28.0047,1,1,4036452,143615,4.70597
29.0047,1,1,4179557,143105,4.68926
1.00472,1,2,143879,143879,4.71444
2.00472,1,2,287622,143743,4.71017
3.00472,1,2,431610,143988,4.7182
4.00472,1,2,575588,143978,4.71787
5.00472,1,2,719716,144128,4.72278
6.00472,1,2,864007,144291,4.72812
7.00472,1,2,1008228,144221,4.72582
8.00472,1,2,1152814,144586,4.73779
9.00473,1,2,1297159,144345,4.7299
10.0047,1,2,1441582,144423,4.73245
11.0047,1,2,1585764,144182,4.72455
12.0047,1,2,1730148,144384,4.73117
13.0047,1,2,1874532,144384,4.73117
14.0047,1,2,2018606,144074,4.72101
15.0047,1,2,2162838,144232,4.72619
16.0047,1,2,2307172,144334,4.72953
17.0047,1,2,2451300,144128,4.72278
18.0047,1,2,2595630,144330,4.7294
19.0047,1,2,2739812,144182,4.72455
20.0047,1,2,2883886,144074,4.72101
21.0047,1,2,3028162,144276,4.72763
22.0047,1,2,3172452,144290,4.72809
23.0047,1,2,3316836,144384,4.73117
24.0047,1,2,3460964,144128,4.72278
25.0047,1,2,3604774,143810,4.71236
26.0047,1,2,3748964,144190,4.72482
27.0047,1,2,3893076,144112,4.72225
28.0047,1,2,4036502,143426,4.69978
29.0047,1,2,4179719,143217,4.69293
1.00472,1,3,143854,143854,4.7137
2.00472,1,3,287629,143775,4.71121
3.00472,1,3,431578,143949,4.71692
4.00472,1,3,575586,144008,4.71885
5.00472,1,3,719714,144128,4.72278
6.00472,1,3,864004,144290,4.72809
7.00472,1,3,1008226,144222,4.72585
8.00472,1,3,1152813,144587,4.73783
9.00473,1,3,1297157,144344,4.72986
10.0047,1,3,1441582,144425,4.73251
11.0047,1,3,1585762,144180,4.72449
12.0047,1,3,1730146,144384,4.73117
13.0047,1,3,1874529,144383,4.73114
14.0047,1,3,2018607,144078,4.72114
15.0047,1,3,2162876,144269,4.7274
16.0047,1,3,2307169,144293,4.72819
17.0047,1,3,2451298,144129,4.72281
18.0047,1,3,2595630,144332,4.72947
19.0047,1,3,2739810,144180,4.72448
20.0047,1,3,2883887,144077,4.72111
21.0047,1,3,3028177,144290,4.72809
22.0047,1,3,3172450,144273,4.72753
23.0047,1,3,3316834,144384,4.73117
24.0047,1,3,3460961,144127,4.72275
25.0047,1,3,3604769,143808,4.7123
26.0047,1,3,3748962,144193,4.72492
27.0047,1,3,3893077,144115,4.72235
28.0047,1,3,4036527,143450,4.70057
29.0047,1,3,4179700,143173,4.69149
1.00474,2,0,145051,145051,4.75257
2.00474,2,0,290406,145355,4.76299
3.00474,2,0,435694,145288,4.7608
4.00474,2,0,581222,145528,4.76866
5.00474,2,0,726667,145445,4.76594
6.00474,2,0,872169,145502,4.76781
7.00474,2,0,1017669,145500,4.76774
8.00474,2,0,1163419,145750,4.77594
9.00474,2,0,1309008,145589,4.77066
10.0047,2,0,1454422,145414,4.76492
11.0047,2,0,1599808,145386,4.76401
12.0047,2,0,1745082,145274,4.76032
13.0047,2,0,1890624,145542,4.76911
14.0047,2,0,2036123,145499,4.76771
15.0047,2,0,2181694,145571,4.77007
16.0047,2,0,2327120,145426,4.76531
17.0047,2,0,2472347,145227,4.75879
18.0048,2,0,2617833,145485,4.76726
19.0048,2,0,2763366,145533,4.76882
20.0048,2,0,2908784,145418,4.76506
21.0048,2,0,3054400,145616,4.77154
22.0048,2,0,3199846,145446,4.76597
23.0048,2,0,3345343,145497,4.76765
24.0048,2,0,3490918,145575,4.7702
25.0048,2,0,3636379,145461,4.76646
26.0048,2,0,3781865,145486,4.76728
27.0048,2,0,3927228,145363,4.76324
28.0048,2,0,4072681,145453,4.7662
29.0048,2,0,4218231,145550,4.76938
1.00474,2,1,145259,145259,4.75976
2.00474,2,1,290511,145252,4.75962
3.00474,2,1,435842,145331,4.76221
4.00474,2,1,581353,145511,4.7681
5.00474,2,1,726803,145450,4.7661
6.00474,2,1,872306,145503,4.76784
7.00474,2,1,1017773,145467,4.76666
8.00474,2,1,1163575,145802,4.77764
9.00474,2,1,1309101,145526,4.7686
10.0047,2,1,1454509,145408,4.76473
11.0047,2,1,1599909,145400,4.76447
12.0047,2,1,1745266,145357,4.76304
13.0047,2,1,1890725,145459,4.76639
14.0047,2,1,2036285,145560,4.76971
15.0047,2,1,2181782,145497,4.76765
16.0047,2,1,2327213,145431,4.76548
17.0047,2,1,2472493,145280,4.76053
18.0048,2,1,2617970,145476,4.76697
19.0048,2,1,2763507,145537,4.76895
20.0048,2,1,2908934,145427,4.76535
21.0048,2,1,3054506,145572,4.7701
22.0048,2,1,3199977,145471,4.76679
23.0048,2,1,3345522,145545,4.76922
24.0048,2,1,3490989,145467,4.76666
25.0048,2,1,3636520,145531,4.76875
26.0048,2,1,3782002,145482,4.76715
27.0048,2,1,3927410,145408,4.76472
28.0048,2,1,4072818,145408,4.76473
29.0048,2,1,4218374,145556,4.76958
1.00474,2,2,145198,145198,4.75771
2.00474,2,2,290533,145335,4.76234
3.00474,2,2,435772,145239,4.75919
4.00474,2,2,581357,145585,4.77053
5.00474,2,2,726802,145445,4.76594
6.00474,2,2,872243,145441,4.76581
7.00474,2,2,1017697,145454,4.76623
8.00474,2,2,1163561,145864,4.77967
9.00474,2,2,1309039,145478,4.76702
10.0047,2,2,1454447,145408,4.76473
11.0047,2,2,1599832,145385,4.76397
12.0047,2,2,1745203,145371,4.7635
13.0047,2,2,1890649,145446,4.76597
14.0047,2,2,2036265,145616,4.77154
15.0047,2,2,2181706,145441,4.76581
16.0047,2,2,2327151,145445,4.76594
17.0047,2,2,2472489,145338,4.76243
18.0048,2,2,2617907,145417,4.76503
19.0048,2,2,2763520,145613,4.77145
20.0048,2,2,2908934,145414,4.76492
21.0048,2,2,3054429,145495,4.76758
22.0048,2,2,3199986,145557,4.76961
23.0048,2,2,3345459,145473,4.76686
24.0048,2,2,3490958,145499,4.76771
25.0048,2,2,3636516,145558,4.76964
26.0048,2,2,3781939,145423,4.76522
27.0048,2,2,3927347,145408,4.76472
28.0048,2,2,4072755,145408,4.76473
29.0048,2,2,4218374,145619,4.77164
1.00474,2,3,145061,145061,4.75314
2.00474,2,3,290457,145396,4.76433
3.00474,2,3,435757,145300,4.76119
4.00474,2,3,581273,145516,4.76827
5.00474,2,3,726681,145408,4.76473
6.00474,2,3,872225,145544,4.76918
7.00474,2,3,1017687,145462,4.76649
8.00474,2,3,1163417,145730,4.77528
9.00474,2,3,1309033,145616,4.77154
10.0047,2,3,1454457,145424,4.76525
11.0047,2,3,1599807,145350,4.76283
12.0047,2,3,1745151,145344,4.76262
13.0047,2,3,1890624,145473,4.76685
14.0047,2,3,2036121,145497,4.76764
15.0047,2,3,2181688,145567,4.76994
16.0047,2,3,2327144,145456,4.7663
17.0047,2,3,2472345,145201,4.75794
18.0048,2,3,2617884,145538,4.769
19.0048,2,3,2763417,145533,4.76882
20.0048,2,3,2908825,145408,4.76473
21.0048,2,3,3054404,145579,4.77033
22.0048,2,3,3199897,145493,4.76751
23.0048,2,3,3345410,145513,4.76817
24.0048,2,3,3490944,145534,4.76886
25.0048,2,3,3636377,145433,4.76554
26.0048,2,3,3781925,145548,4.76931
27.0048,2,3,3927298,145373,4.76357
28.0048,2,3,4072740,145442,4.76584
29.0048,2,3,4218265,145525,4.76856
1.00547,3,0,143973,143973,4.71748
2.00547,3,0,287619,143646,4.70699
3.00547,3,0,431763,144144,4.72331
4.00547,3,0,575925,144162,4.7239
5.00547,3,0,719973,144048,4.72016
6.00547,3,0,864102,144129,4.72281
7.00547,3,0,1008230,144128,4.72279
8.00547,3,0,1152869,144639,4.73953
9.00547,3,0,1297253,144384,4.73117
10.0055,3,0,1441637,144384,4.73117
11.0055,3,0,1585765,144128,4.72278
12.0055,3,0,1730049,144284,4.7279
13.0055,3,0,1874278,144229,4.72609
14.0055,3,0,2018661,144383,4.73114
15.0055,3,0,2162902,144241,4.72648
16.0055,3,0,2307429,144527,4.73585
17.0055,3,0,2451814,144385,4.7312
18.0055,3,0,2596348,144534,4.73609
19.0055,3,0,2740803,144455,4.73349
20.0055,3,0,2885221,144418,4.73229
21.0055,3,0,3029326,144105,4.72203
22.0055,3,0,3173710,144384,4.73117
23.0055,3,0,3318117,144407,4.73192
24.0055,3,0,3462501,144384,4.73117
25.0055,3,0,3606480,143979,4.7179
26.0055,3,0,3750832,144352,4.73012
27.0055,3,0,3895141,144309,4.72871
28.0055,3,0,4039525,144384,4.73117
29.0055,3,0,4183653,144128,4.72278
1.00547,3,1,143749,143749,4.71016
2.00547,3,1,287621,143872,4.71439
3.00547,3,1,431749,144128,4.72278
4.00547,3,1,575877,144128,4.72279
5.00547,3,1,719843,143966,4.71747
6.00547,3,1,864049,144206,4.72533
7.00547,3,1,1008248,144199,4.72511
8.00547,3,1,1152645,144397,4.7316
9.00547,3,1,1297195,144550,4.73661
10.0055,3,1,1441579,144384,4.73117
11.0055,3,1,1585599,144020,4.71925
12.0055,3,1,1729925,144326,4.72927
13.0055,3,1,1874309,144384,4.73117
14.0055,3,1,2018437,144128,4.72278
15.0055,3,1,2162821,144384,4.73117
16.0055,3,1,2307205,144384,4.73117
17.0055,3,1,2451819,144614,4.7387
18.0055,3,1,2596229,144410,4.73202
19.0055,3,1,2740613,144384,4.73117
20.0055,3,1,2884997,144384,4.73117
21.0055,3,1,3029125,144128,4.72278
22.0055,3,1,3173509,144384,4.73117
23.0055,3,1,3317932,144423,4.73245
24.0055,3,1,3462277,144345,4.72989
25.0055,3,1,3606405,144128,4.72278
26.0055,3,1,3750789,144384,4.73117
27.0055,3,1,3894917,144128,4.72278
28.0055,3,1,4039301,144384,4.73117
29.0055,3,1,4183595,144294,4.72822
1.00547,3,2,143930,143930,4.71603
2.00547,3,2,287802,143872,4.71439
3.00547,3,2,431930,144128,4.72278
4.00547,3,2,576058,144128,4.72279
5.00547,3,2,719930,143872,4.71439
6.00547,3,2,864171,144241,4.72648
7.00547,3,2,1008367,144196,4.72501
8.00547,3,2,1152826,144459,4.73363
9.00547,3,2,1297227,144401,4.73173
10.0055,3,2,1441639,144412,4.73209
11.0055,3,2,1585722,144083,4.72131
12.0055,3,2,1730106,144384,4.73117
13.0055,3,2,1874454,144348,4.72999
14.0055,3,2,2018618,144164,4.72396
15.0055,3,2,2163002,144384,4.73117
16.0055,3,2,2307386,144384,4.73117
17.0055,3,2,2451883,144497,4.73487
18.0055,3,2,2596410,144527,4.73586
19.0055,3,2,2740794,144384,4.73117
20.0055,3,2,2885178,144384,4.73117
21.0055,3,2,3029306,144128,4.72278
22.0055,3,2,3173690,144384,4.73117
23.0055,3,2,3318074,144384,4.73117
24.0055,3,2,3462458,144384,4.73117
25.0055,3,2,3606586,144128,4.72278
26.0055,3,2,3750970,144384,4.73117
27.0055,3,2,3895098,144128,4.72278
28.0055,3,2,4039482,144384,4.73117
29.0055,3,2,4183652,144170,4.72416
1.00547,3,3,143819,143819,4.71245
2.00547,3,3,287588,143769,4.71102
3.00547,3,3,431716,144128,4.72278
4.00547,3,3,575844,144128,4.72279
5.00547,3,3,719972,144128,4.72278
6.00547,3,3,864100,144128,4.72277
7.00547,3,3,1008228,144128,4.72279
8.00547,3,3,1152807,144579,4.73756
9.00547,3,3,1297252,144445,4.73317
10.0055,3,3,1441636,144384,4.73117
11.0055,3,3,1585764,144128,4.72278
12.0055,3,3,1729892,144128,4.72279
13.0055,3,3,1874276,144384,4.73117
14.0055,3,3,2018563,144287,4.72799
15.0055,3,3,2162788,144225,4.72596
16.0055,3,3,2307358,144570,4.73726
17.0055,3,3,2451812,144454,4.73346
18.0055,3,3,2596196,144384,4.73117
19.0055,3,3,2740580,144384,4.73117
20.0055,3,3,2885074,144494,4.73478
21.0055,3,3,3029122,144048,4.72016
22.0055,3,3,3173481,144359,4.73036
23.0055,3,3,3318116,144635,4.73939
24.0055,3,3,3462330,144214,4.7256
25.0055,3,3,3606372,144042,4.71996
26.0055,3,3,3750756,144384,4.73117
27.0055,3,3,3895120,144364,4.73051
28.0055,3,3,4039418,144298,4.72835
29.0055,3,3,4183652,144234,4.72625
