timestamp,thread_id,connection_num,requests_completed,throughput,gbit_per_second
1.00289,0,0,137792,137791,4.50382
2.00289,0,0,268013,130221,4.24833
3.00289,0,0,407574,139561,4.56425
4.00289,0,0,550829,143255,4.68758
5.00289,0,0,678271,127442,4.16401
6.00289,0,0,809317,131046,4.27566
7.00289,0,0,937376,128059,4.18713
8.00291,0,0,1053969,116590,3.81113
9.00291,0,0,1176694,122725,3.98598
10.0029,0,0,1310779,134085,4.37334
11.003,0,0,1434784,124000,4.05717
12.003,0,0,1551947,117163,3.81814
13.003,0,0,1660617,108668,3.54424
14.003,0,0,1770530,109910,3.59542
15.003,0,0,1888744,118214,3.86741
16.003,0,0,1998500,109756,3.59473
17.003,0,0,2107286,108786,3.55826
18.003,0,0,2213425,106138,3.47116
19.003,0,0,2323878,110453,3.60929
1.00289,0,1,135220,135219,4.40457
2.00289,0,1,264498,129278,4.20894
3.00289,0,1,402386,137888,4.49578
4.00289,0,1,545024,142638,4.66123
5.00289,0,1,659955,114931,3.69572
6.00289,0,1,788835,128880,4.19312
7.00289,0,1,913464,124629,4.06053
8.00291,0,1,1026308,112841,3.65523
9.00291,0,1,1151883,125575,4.08187
10.0029,0,1,1286724,134841,4.39623
11.003,0,1,1411363,124634,4.0816
12.003,0,1,1531126,119763,3.92113
13.003,0,1,1627649,96521.3,3.04553
14.003,0,1,1724026,96373.9,3.03878
15.003,0,1,1820418,96391.9,3.03787
16.003,0,1,1916837,96419,3.03776
17.003,0,1,2013185,96348,3.03713
18.003,0,1,2109562,96376.5,3.03871
19.003,0,1,2216817,107255,3.46829
1.00289,0,2,138584,138583,4.53063
2.00289,0,2,270309,131725,4.30232
3.00289,0,2,410490,140181,4.57895
4.00289,0,2,554426,143936,4.71247
5.00289,0,2,682265,127839,4.17784
6.00289,0,2,814766,132501,4.32066
7.00289,0,2,943272,128506,4.20337
8.00291,0,2,1060031,116756,3.81786
9.00291,0,2,1184722,124691,4.05956
10.0029,0,2,1320007,135285,4.41593
11.003,0,2,1421438,101427,3.21386
12.003,0,2,1517834,96395.9,3.0383
13.003,0,2,1614168,96332.3,3.0382
14.003,0,2,1710525,96353.9,3.03847
15.003,0,2,1826407,115882,3.76866
16.003,0,2,1933156,106749,3.46409
17.003,0,2,2029513,96357,3.03733
18.003,0,2,2125885,96371.5,3.03903
19.003,0,2,2222234,96348.9,3.03788
1.00289,0,3,139511,139510,4.56502
2.00289,0,3,267206,127695,4.15064
3.00289,0,3,407571,140365,4.59163
4.00289,0,3,550373,142802,4.66599
5.00289,0,3,677432,127059,4.15053
6.00289,0,3,809502,132070,4.30596
7.00289,0,3,926709,117207,3.77561
8.00291,0,3,1023281,96569.9,3.03725
9.00291,0,3,1150033,126752,4.12799
10.0029,0,3,1285129,135096,4.40907
11.003,0,3,1409498,124364,4.07014
12.003,0,3,1528646,119148,3.89416
13.003,0,3,1638703,110055,3.60156
14.003,0,3,1748133,109427,3.57443
15.003,0,3,1866007,117874,3.85159
16.003,0,3,1962354,96347,3.03791
17.003,0,3,2066038,103684,3.33577
18.003,0,3,2162331,96292.5,3.03833
19.003,0,3,2263570,101239,3.22145
1.00189,1,0,140090,140090,4.5742
2.00189,1,0,278090,138000,4.51556
3.00189,1,0,424245,146155,4.78299
4.0019,1,0,556750,132505,4.31363
5.0019,1,0,692874,136124,4.44327
6.0019,1,0,837253,144379,4.72539
7.0019,1,0,978724,141471,4.62625
8.0019,1,0,1125504,146780,4.80559
9.0019,1,0,1257649,132145,4.29616
10.0019,1,0,1402184,144535,4.73093
11.0019,1,0,1537578,135394,4.42708
12.0019,1,0,1679083,141505,4.62788
13.0019,1,0,1818273,139188,4.54595
14.0019,1,0,1914647,96373.9,3.03837
15.0019,1,0,2015094,100447,3.18252
16.0019,1,0,2152275,137181,4.46921
17.0019,1,0,2296798,144518,4.73046
18.002,1,0,2436524,139726,4.5659
19.002,1,0,2560160,123636,4.01405
1.00189,1,1,140969,140969,4.60436
2.00189,1,1,276854,135885,4.42448
3.00189,1,1,422412,145558,4.75463
4.0019,1,1,559052,136640,4.46395
5.0019,1,1,695711,136659,4.46507
6.0019,1,1,839699,143988,4.70815
7.0019,1,1,982087,142388,4.65819
8.0019,1,1,1128786,146699,4.79647
9.0019,1,1,1264373,135587,4.42323
10.0019,1,1,1408522,144149,4.71395
11.0019,1,1,1541246,132724,4.31303
12.0019,1,1,1683227,141981,4.63759
13.0019,1,1,1821598,138369,4.51017
14.0019,1,1,1942161,120563,3.93939
15.0019,1,1,2063941,121780,3.9811
16.0019,1,1,2203806,139865,4.5729
17.0019,1,1,2347678,143867,4.69904
18.002,1,1,2487330,139652,4.55659
19.002,1,1,2615941,128611,4.19113
1.00189,1,2,140861,140861,4.60748
2.00189,1,2,277961,137100,4.48222
3.00189,1,2,424035,146074,4.78303
4.0019,1,2,555001,130966,4.26846
5.0019,1,2,682679,127678,4.13873
6.0019,1,2,822218,139539,4.55098
7.0019,1,2,958024,135806,4.42462
8.0019,1,2,1104472,146448,4.79364
9.0019,1,2,1238390,133918,4.36805
10.0019,1,2,1382756,144366,4.725
11.0019,1,2,1513616,130860,4.26492
12.0019,1,2,1653272,139656,4.56066
13.0019,1,2,1794306,141032,4.62047
14.0019,1,2,1914946,120640,3.94725
15.0019,1,2,2036373,121427,3.9692
16.0019,1,2,2174098,137725,4.49621
17.0019,1,2,2316804,142701,4.66493
18.002,1,2,2457348,140544,4.60016
19.002,1,2,2580426,123078,4.00402
1.00189,1,3,140855,140855,4.59713
2.00189,1,3,276462,135607,4.40885
3.00189,1,3,422141,145679,4.76283
4.0019,1,3,558759,136618,4.46238
5.0019,1,3,695342,136583,4.46427
6.0019,1,3,839207,143865,4.70355
7.0019,1,3,981343,142136,4.64909
8.0019,1,3,1128029,146686,4.79654
9.0019,1,3,1263765,135736,4.42768
10.0019,1,3,1408114,144349,4.7215
11.0019,1,3,1540629,132515,4.30848
12.0019,1,3,1682621,141992,4.63611
13.0019,1,3,1820789,138166,4.50207
14.0019,1,3,1941311,120522,3.93783
15.0019,1,3,2063283,121972,3.98915
16.0019,1,3,2202557,139274,4.55249
17.0019,1,3,2346732,144170,4.71157
18.002,1,3,2486514,139782,4.56262
19.002,1,3,2614960,128446,4.18049
