timestamp,thread_id,connection_num,requests_completed,throughput,gbit_per_second
1.00267,0,0,123672,123672,4.05114
2.00268,0,0,249146,125474,4.11044
3.00268,0,0,371715,122569,4.01505
4.00268,0,0,494753,123038,4.0312
5.00268,0,0,624545,129792,4.25049
6.00268,0,0,753492,128947,4.22378
7.00268,0,0,882715,129223,4.23183
8.00268,0,0,1013200,130485,4.27437
9.00268,0,0,1144163,130963,4.28827
10.0027,0,0,1275437,131274,4.30029
11.0027,0,0,1406154,130717,4.2799
12.0027,0,0,1538462,132308,4.33445
13.0027,0,0,1676179,137717,4.51266
14.0027,0,0,1815031,138852,4.54883
15.0027,0,0,1953249,138218,4.52913
16.0027,0,0,2091933,138684,4.54398
17.0027,0,0,2229866,137933,4.5185
18.0027,0,0,2368937,139071,4.55707
19.0027,0,0,2506451,137514,4.50591
20.0027,0,0,2644745,138294,4.52993
21.0027,0,0,2783383,138638,4.54162
22.0027,0,0,2922322,138939,4.55141
23.0027,0,0,3060812,138490,4.53678
24.0027,0,0,3198554,137742,4.50975
25.0027,0,0,3336968,138413,4.53468
26.0027,0,0,3475316,138348,4.53269
27.0027,0,0,3613441,138125,4.5249
28.0027,0,0,3751970,138529,4.53843
29.0027,0,0,3890783,138813,4.54862
1.00267,0,1,123547,123547,4.04806
2.00268,0,1,248987,125440,4.11037
3.00268,0,1,371732,122745,4.02209
4.00268,0,1,494735,123003,4.03029
5.00268,0,1,624608,129873,4.25541
6.00268,0,1,753595,128987,4.22655
7.00268,0,1,882932,129337,4.23808
8.00268,0,1,1013459,130527,4.27709
9.00268,0,1,1144537,131078,4.2951
10.0027,0,1,1275868,131331,4.30343
11.0027,0,1,1406825,130957,4.29094
12.0027,0,1,1539262,132437,4.33966
13.0027,0,1,1676985,137723,4.51284
14.0027,0,1,1815876,138891,4.55103
15.0027,0,1,1954095,138219,4.529
16.0027,0,1,2092795,138700,4.54461
17.0027,0,1,2230887,138092,4.52482
18.0027,0,1,2369982,139095,4.55749
19.0027,0,1,2507482,137500,4.50533
20.0027,0,1,2645831,138349,4.53338
21.0027,0,1,2784535,138704,4.54456
22.0027,0,1,2923577,139042,4.55597
23.0027,0,1,3062129,138552,4.54002
24.0027,0,1,3199948,137819,4.51561
25.0027,0,1,3338393,138444,4.53625
26.0027,0,1,3476822,138429,4.53604
27.0027,0,1,3615059,138237,4.52947
28.0027,0,1,3753628,138569,4.54042
29.0027,0,1,3892452,138824,4.54876
1.00267,0,2,123548,123548,4.04801
2.00268,0,2,248988,125440,4.11034
3.00268,0,2,371709,122721,4.02131
4.00268,0,2,494744,123035,4.03145
5.00268,0,2,624613,129869,4.25555
6.00268,0,2,753594,128981,4.22644
7.00268,0,2,882940,129346,4.2384
8.00268,0,2,1013460,130520,4.27687
9.00268,0,2,1144541,131081,4.29526
10.0027,0,2,1275878,131337,4.30365
11.0027,0,2,1406831,130953,4.29105
12.0027,0,2,1539272,132441,4.33982
13.0027,0,2,1676986,137714,4.51261
14.0027,0,2,1815898,138912,4.55187
15.0027,0,2,1954135,138237,4.52975
16.0027,0,2,2092796,138661,4.54364
17.0027,0,2,2230936,138140,4.52656
18.0027,0,2,2369999,139063,4.55679
19.0027,0,2,2507497,137498,4.50553
20.0027,0,2,2645871,138374,4.53416
21.0027,0,2,2784547,138676,4.54413
22.0027,0,2,2923614,139067,4.55694
23.0027,0,2,3062178,138564,4.54044
24.0027,0,2,3199993,137815,4.51592
25.0027,0,2,3338418,138424,4.53573
26.0027,0,2,3476849,138431,4.5361
27.0027,0,2,3615122,138273,4.53077
28.0027,0,2,3753674,138552,4.53993
29.0027,0,2,3892496,138822,4.54891
1.00267,0,3,120061,120061,3.91058
2.00268,0,3,242565,122504,4.00182
3.00268,0,3,362375,119810,3.91029
4.00268,0,3,482640,120265,3.9079
5.00268,0,3,610562,127922,4.11692
6.00268,0,3,736996,126434,4.06817
7.00268,0,3,864542,127546,4.11242
8.00268,0,3,993381,128839,4.15539
9.00268,0,3,1123104,129723,4.18814
10.0027,0,3,1253124,130020,4.19473
11.0027,0,3,1382420,129296,4.18129
12.0027,0,3,1513771,131351,4.24778
13.0027,0,3,1651338,137567,4.50411
14.0027,0,3,1790197,138859,4.54894
15.0027,0,3,1928431,138234,4.52965
16.0027,0,3,2066989,138558,4.53962
17.0027,0,3,2205087,138098,4.52519
18.0027,0,3,2344155,139068,4.55697
19.0027,0,3,2481504,137349,4.49999
20.0027,0,3,2619600,138096,4.52221
21.0027,0,3,2758212,138612,4.54095
22.0027,0,3,2897292,139080,4.55723
23.0027,0,3,3035840,138548,4.53958
24.0027,0,3,3173666,137826,4.51628
25.0027,0,3,3312098,138431,4.53602
26.0027,0,3,3450528,138430,4.53603
27.0027,0,3,3588729,138201,4.52787
28.0027,0,3,3727040,138311,4.53068
29.0027,0,3,3865841,138801,4.54822
1.00258,1,0,141144,141144,4.62077
2.00258,1,0,282769,141625,4.64077
3.00258,1,0,425938,143169,4.69135
4.00258,1,0,568852,142914,4.68273
5.00258,1,0,710432,141580,4.6392
6.00258,1,0,850367,139935,4.58539
7.00258,1,0,992214,141847,4.64804
8.00259,1,0,1133140,140926,4.61786
9.00259,1,0,1274530,141390,4.63281
10.0026,1,0,1417021,142491,4.66914
11.0026,1,0,1558153,141132,4.62461
12.0026,1,0,1699243,141090,4.62314
13.0026,1,0,1840888,141645,4.64142
14.0026,1,0,1981693,140805,4.61389
15.0026,1,0,2122846,141153,4.6253
16.0026,1,0,2263880,141034,4.62139
17.0026,1,0,2404919,141039,4.62156
18.0026,1,0,2545999,141080,4.6229
19.0026,1,0,2685172,139173,4.56041
20.0026,1,0,2825160,139988,4.58701
21.0026,1,0,2966111,140951,4.61868
22.0026,1,0,3106775,140664,4.60925
23.0026,1,0,3247678,140903,4.61697
24.0026,1,0,3388478,140800,4.61373
25.0026,1,0,3529489,141011,4.62018
26.0026,1,0,3670382,140893,4.61659
27.0026,1,0,3811257,140875,4.61591
28.0026,1,0,3952693,141436,4.63441
29.0026,1,0,4093713,141020,4.62092
1.00258,1,1,141025,141025,4.61669
2.00258,1,1,282701,141676,4.64244
3.00258,1,1,425879,143178,4.69161
4.00258,1,1,568433,142554,4.66945
5.00258,1,1,709889,141456,4.63459
6.00258,1,1,849688,139799,4.58029
7.00258,1,1,991158,141470,4.63356
8.00259,1,1,1131769,140611,4.60615
9.00259,1,1,1272912,141143,4.62328
10.0026,1,1,1415426,142514,4.66982
11.0026,1,1,1556531,141105,4.62373
12.0026,1,1,1697454,140923,4.61625
13.0026,1,1,1839075,141621,4.64063
14.0026,1,1,1979644,140569,4.60512
15.0026,1,1,2120774,141130,4.62455
16.0026,1,1,2261805,141031,4.6213
17.0026,1,1,2402861,141056,4.62212
18.0026,1,1,2543934,141073,4.62268
19.0026,1,1,2683032,139098,4.55745
20.0026,1,1,2823031,139999,4.58746
21.0026,1,1,2963487,140456,4.59975
22.0026,1,1,3103875,140388,4.59849
23.0026,1,1,3244659,140784,4.61265
24.0026,1,1,3385460,140801,4.61377
25.0026,1,1,3526515,141055,4.62209
26.0026,1,1,3667403,140888,4.61661
27.0026,1,1,3808034,140631,4.60684
28.0026,1,1,3949326,141292,4.62922
29.0026,1,1,4090355,141029,4.62123
1.00258,1,2,141021,141021,4.61735
2.00258,1,2,282659,141638,4.6408
3.00258,1,2,425759,143100,4.68857
4.00258,1,2,568521,142762,4.6757
5.00258,1,2,709861,141340,4.63027
6.00258,1,2,849661,139800,4.58058
7.00258,1,2,991370,141709,4.64238
8.00259,1,2,1132140,140770,4.61205
9.00259,1,2,1273521,141381,4.63218
10.0026,1,2,1416013,142492,4.66911
11.0026,1,2,1557068,141055,4.62169
12.0026,1,2,1698148,141080,4.62226
13.0026,1,2,1839791,141643,4.64129
14.0026,1,2,1980603,140812,4.61412
15.0026,1,2,2121743,141140,4.6246
16.0026,1,2,2262777,141034,4.6214
17.0026,1,2,2403833,141056,4.62212
18.0026,1,2,2544822,140989,4.61966
19.0026,1,2,2683783,138961,4.55268
20.0026,1,2,2823770,139987,4.587
21.0026,1,2,2964719,140949,4.61848
22.0026,1,2,3105372,140653,4.60852
23.0026,1,2,3246270,140898,4.61664
24.0026,1,2,3387062,140792,4.61334
25.0026,1,2,3528108,141046,4.62175
26.0026,1,2,3668884,140776,4.61259
27.0026,1,2,3809681,140797,4.61307
28.0026,1,2,3951119,141438,4.63453
29.0026,1,2,4092128,141009,4.62058
1.00258,1,3,140828,140828,4.61108
2.00258,1,3,282531,141703,4.64261
3.00258,1,3,425682,143151,4.69059
4.00258,1,3,568478,142796,4.67733
5.00258,1,3,709866,141388,4.63196
6.00258,1,3,849766,139900,4.58424
7.00258,1,3,991597,141831,4.64751
8.00259,1,3,1132579,140982,4.61968
9.00259,1,3,1273955,141376,4.63236
10.0026,1,3,1416415,142460,4.66733
11.0026,1,3,1557328,140913,4.61567
12.0026,1,3,1698224,140896,4.61179
13.0026,1,3,1839867,141643,4.64121
14.0026,1,3,1980545,140678,4.60886
15.0026,1,3,2121663,141118,4.62415
16.0026,1,3,2262719,141056,4.62212
17.0026,1,3,2403750,141031,4.62121
18.0026,1,3,2544831,141081,4.6228
19.0026,1,3,2684018,139187,4.56087
20.0026,1,3,2823981,139963,4.58631
21.0026,1,3,2964951,140970,4.6193
22.0026,1,3,3105612,140661,4.60917
23.0026,1,3,3246507,140895,4.61684
24.0026,1,3,3387308,140801,4.61377
25.0026,1,3,3528358,141050,4.62191
26.0026,1,3,3669221,140863,4.61575
27.0026,1,3,3810107,140886,4.61646
28.0026,1,3,3951584,141477,4.63585
29.0026,1,3,4092563,140979,4.61958
1.00274,2,0,123557,123549,4.04347
2.00274,2,0,249795,126238,4.1347
3.00274,2,0,372645,122850,4.02549
4.00274,2,0,495857,123212,4.03724
5.00274,2,0,625065,129208,4.23382
6.00275,2,0,752628,127563,4.17996
7.00275,2,0,880994,128366,4.20621
8.00275,2,0,1010289,129295,4.23663
9.00275,2,0,1140889,130599,4.27918
10.0028,2,0,1271950,131061,4.29453
11.0028,2,0,1402994,131042,4.29393
12.0028,2,0,1535210,132216,4.33243
13.0028,2,0,1674785,139575,4.5733
14.0028,2,0,1814150,139365,4.56639
15.0028,2,0,1954583,140433,4.60129
16.0028,2,0,2094571,139988,4.58651
17.0028,2,0,2234285,139714,4.57758
18.0028,2,0,2374018,139733,4.57854
19.0028,2,0,2513675,139657,4.57603
20.0028,2,0,2653570,139895,4.58358
21.0028,2,0,2793747,140177,4.59322
22.0028,2,0,2933779,140032,4.58842
23.0028,2,0,3074006,140227,4.59463
24.0028,2,0,3214413,140407,4.60033
25.0028,2,0,3355463,141050,4.61916
26.0028,2,0,3496324,140861,4.61426
27.0028,2,0,3637123,140799,4.61268
28.0028,2,0,3777962,140839,4.61147
29.0028,2,0,3918870,140908,4.61576
1.00274,2,1,119954,119947,3.91056
2.00274,2,1,243158,123204,4.00165
3.00274,2,1,363072,119914,3.91062
4.00274,2,1,483148,120076,3.9163
5.00274,2,1,609682,126534,4.11716
6.00275,2,1,734617,124935,4.06821
7.00275,2,1,860996,126379,4.11661
8.00275,2,1,988933,127937,4.16599
9.00275,2,1,1117523,128589,4.18726
10.0028,2,1,1246454,128931,4.19472
11.0028,2,1,1375147,128691,4.18372
12.0028,2,1,1505724,130577,4.24955
13.0028,2,1,1645215,139491,4.56701
14.0028,2,1,1784580,139365,4.56669
15.0028,2,1,1925012,140432,4.60167
16.0028,2,1,2065008,139996,4.58739
17.0028,2,1,2204714,139706,4.57788
18.0028,2,1,2344449,139735,4.57875
19.0028,2,1,2484102,139653,4.5761
20.0028,2,1,2623990,139888,4.58385
21.0028,2,1,2764180,140190,4.59374
22.0028,2,1,2904212,140032,4.58856
23.0028,2,1,3044439,140227,4.59495
24.0028,2,1,3184859,140420,4.60125
25.0028,2,1,3325915,141056,4.62204
26.0028,2,1,3466791,140876,4.61622
27.0028,2,1,3607595,140804,4.61367
28.0028,2,1,3748455,140860,4.6157
29.0028,2,1,3889371,140916,4.61753
1.00274,2,2,123847,123839,4.05784
2.00274,2,2,250166,126319,4.13921
3.00274,2,2,372977,122811,4.02404
4.00274,2,2,496145,123168,4.03414
5.00274,2,2,625327,129182,4.23016
6.00275,2,2,752850,127523,4.17867
7.00275,2,2,881230,128380,4.20675
8.00275,2,2,1010543,129313,4.23732
9.00275,2,2,1141152,130608,4.27977
10.0028,2,2,1272183,131031,4.29162
11.0028,2,2,1403210,131025,4.29087
12.0028,2,2,1535374,132164,4.3263
13.0028,2,2,1674650,139276,4.54642
14.0028,2,2,1813723,139073,4.5384
15.0028,2,2,1954157,140434,4.60147
16.0028,2,2,2094149,139992,4.58721
17.0028,2,2,2233824,139675,4.57271
18.0028,2,2,2373253,139429,4.55499
19.0028,2,2,2512924,139671,4.57662
20.0028,2,2,2652800,139876,4.58346
21.0028,2,2,2792991,140191,4.59367
22.0028,2,2,2933023,140032,4.58852
23.0028,2,2,3073250,140227,4.59495
24.0028,2,2,3213646,140396,4.60044
25.0028,2,2,3354720,141074,4.62254
26.0028,2,2,3495585,140865,4.61567
27.0028,2,2,3636417,140832,4.61432
28.0028,2,2,3777286,140869,4.61535
29.0028,2,2,3918176,140890,4.61634
1.00274,2,3,123846,123838,4.05786
2.00274,2,3,250166,126320,4.13924
3.00274,2,3,372677,122511,4.01264
4.00274,2,3,495888,123211,4.03731
5.00274,2,3,625064,129176,4.23209
6.00275,2,3,752612,127548,4.17949
7.00275,2,3,880996,128384,4.20688
8.00275,2,3,1010303,129307,4.23713
9.00275,2,3,1140684,130380,4.27075
10.0028,2,3,1271724,131040,4.29368
11.0028,2,3,1402768,131042,4.29398
12.0028,2,3,1534893,132125,4.32856
13.0028,2,3,1674414,139521,4.5714
14.0028,2,3,1813661,139247,4.56125
15.0028,2,3,1954080,140419,4.60121
16.0028,2,3,2094083,140003,4.58758
17.0028,2,3,2233506,139423,4.56605
18.0028,2,3,2373246,139740,4.579
19.0028,2,3,2512922,139676,4.5769
20.0028,2,3,2652793,139871,4.58329
21.0028,2,3,2792997,140204,4.5942
22.0028,2,3,2933020,140023,4.58827
23.0028,2,3,3073259,140239,4.59535
24.0028,2,3,3213645,140386,4.59998
25.0028,2,3,3354715,141070,4.62252
26.0028,2,3,3495577,140862,4.61571
27.0028,2,3,3636415,140838,4.61488
28.0028,2,3,3777278,140863,4.61578
29.0028,2,3,3918174,140896,4.61688
1.00261,3,0,119769,119769,3.9098
2.00261,3,0,242348,122579,4.00218
3.00261,3,0,362113,119765,3.91089
4.00261,3,0,482107,119994,3.91586
5.00261,3,0,608206,126099,4.11723
6.00261,3,0,732774,124568,4.06805
7.00262,3,0,858896,126122,4.11668
8.00262,3,0,986563,127667,4.16612
9.00262,3,0,1114803,128240,4.18712
10.0026,3,0,1243316,128513,4.19447
11.0026,3,0,1371401,128085,4.18428
12.0026,3,0,1501552,130151,4.24923
13.0026,3,0,1641784,140232,4.59266
14.0026,3,0,1782278,140494,4.6037
15.0026,3,0,1922919,140641,4.60852
16.0026,3,0,2063618,140699,4.61042
17.0026,3,0,2204283,140665,4.60931
18.0026,3,0,2345469,141186,4.62638
19.0026,3,0,2485737,140268,4.5963
20.0026,3,0,2626242,140505,4.60406
21.0026,3,0,2766957,140715,4.61094
22.0026,3,0,2907910,140953,4.61874
23.0026,3,0,3048277,140367,4.59954
24.0026,3,0,3188857,140580,4.60652
25.0026,3,0,3329364,140507,4.60401
26.0026,3,0,3469229,139865,4.58309
27.0026,3,0,3610111,140882,4.61641
28.0027,3,0,3751618,141504,4.63677
29.0027,3,0,3893489,141871,4.64883
1.00261,3,1,120452,120452,3.94684
2.00261,3,1,244640,124188,4.06939
3.00261,3,1,365997,121357,3.97662
4.00261,3,1,487084,121087,3.96773
5.00261,3,1,614512,127428,4.17556
6.00261,3,1,740449,125937,4.1267
7.00262,3,1,867968,127519,4.17854
8.00262,3,1,996850,128882,4.2232
9.00262,3,1,1126134,129284,4.23637
10.0026,3,1,1255649,129515,4.24395
11.0026,3,1,1384653,129004,4.2272
12.0026,3,1,1515612,130959,4.29126
13.0026,3,1,1655863,140251,4.59574
14.0026,3,1,1796368,140505,4.60406
15.0026,3,1,1937009,140641,4.60852
16.0026,3,1,2077711,140702,4.61052
17.0026,3,1,2218379,140668,4.6094
18.0026,3,1,2359551,141172,4.62592
19.0026,3,1,2499825,140274,4.5965
20.0026,3,1,2640354,140529,4.60484
21.0026,3,1,2781048,140694,4.61025
22.0026,3,1,2922000,140952,4.61871
23.0026,3,1,3062367,140367,4.59954
24.0026,3,1,3202949,140582,4.60659
25.0026,3,1,3343464,140515,4.60433
26.0026,3,1,3483327,139863,4.58303
27.0026,3,1,3624214,140887,4.61641
28.0027,3,1,3765722,141505,4.6364
29.0027,3,1,3907607,141885,4.64893
1.00261,3,2,120444,120444,3.94665
2.00261,3,2,244591,124147,4.06583
3.00261,3,2,365924,121333,3.97545
4.00261,3,2,486954,121030,3.96436
5.00261,3,2,614316,127362,4.16993
6.00261,3,2,740196,125880,4.12387
7.00262,3,2,867569,127373,4.16896
8.00262,3,2,996378,128809,4.2188
9.00262,3,2,1125665,129287,4.23634
10.0026,3,2,1255097,129432,4.23938
11.0026,3,2,1384066,128969,4.22476
12.0026,3,2,1515040,130974,4.29164
13.0026,3,2,1655235,140195,4.59232
14.0026,3,2,1795694,140459,4.60083
15.0026,3,2,1936269,140575,4.60409
16.0026,3,2,2076908,140639,4.60585
17.0026,3,2,2217535,140627,4.6062
18.0026,3,2,2358584,141049,4.61742
19.0026,3,2,2498685,140101,4.58456
20.0026,3,2,2638945,140260,4.59062
21.0026,3,2,2779569,140624,4.60427
22.0026,3,2,2920451,140882,4.61497
23.0026,3,2,3060700,140249,4.59369
24.0026,3,2,3201248,140548,4.6042
25.0026,3,2,3341733,140485,4.60217
26.0026,3,2,3481548,139815,4.5791
27.0026,3,2,3622355,140807,4.61154
28.0027,3,2,3763764,141406,4.63064
29.0027,3,2,3905447,141683,4.63979
1.00261,3,3,119604,119604,3.90971
2.00261,3,3,242397,122793,4.00212
3.00261,3,3,362468,120071,3.91069
4.00261,3,3,482601,120133,3.91609
5.00261,3,3,609219,126618,4.11691
6.00261,3,3,734183,124964,4.06785
7.00262,3,3,860990,126807,4.11662
8.00262,3,3,989208,128218,4.16618
9.00262,3,3,1117860,128652,4.18769
10.0026,3,3,1246681,128821,4.1944
11.0026,3,3,1375034,128353,4.18297
12.0026,3,3,1505371,130337,4.24727
13.0026,3,3,1645610,140239,4.59213
14.0026,3,3,1786084,140474,4.6027
15.0026,3,3,1926743,140659,4.60911
16.0026,3,3,2067336,140593,4.60523
17.0026,3,3,2208024,140688,4.61006
18.0026,3,3,2349190,141166,4.62444
19.0026,3,3,2489442,140252,4.59437
20.0026,3,3,2629914,140472,4.6018
21.0026,3,3,2770554,140640,4.60708
22.0026,3,3,2911503,140949,4.61856
23.0026,3,3,3051848,140345,4.59882
24.0026,3,3,3192442,140594,4.60694
25.0026,3,3,3332913,140471,4.60137
26.0026,3,3,3472777,139864,4.58306
27.0026,3,3,3613597,140820,4.61316
28.0027,3,3,3755105,141505,4.63667
29.0027,3,3,3896950,141845,4.64736
