timestamp,thread_id,connection_num,message_count,throughput,gbit_per_second
1,0,0,119233,119233,3.90701
2,0,0,241343,122110,4.00129
3,0,0,360690,119347,3.91076
4.00001,0,0,480202,119512,3.91616
5.00001,0,0,605855,125652,4.11738
6.00001,0,0,730000,124144,4.06797
7.00002,0,0,855625,125625,4.11647
8.00002,0,0,982755,127130,4.16579
9.00002,0,0,1110559,127804,4.18788
10,0,0,1238566,128007,4.19453
11,0,0,1366227,127661,4.18319
12,0,0,1495926,129699,4.24996
13,0,0,1637022,141096,4.59759
14.0005,0,0,1778582,141497,4.60528
15.0005,0,0,1920230,141648,4.6101
16.0005,0,0,2061828,141598,4.60847
17.0005,0,0,2203465,141637,4.60967
18.0005,0,0,2345577,142105,4.6248
19.0005,0,0,2486847,141270,4.59775
20.0005,0,0,2628321,141474,4.60431
21.0005,0,0,2769994,141673,4.61101
22.0005,0,0,2911810,141816,4.61542
23.0005,0,0,3053215,141405,4.60183
24.0005,0,0,3194767,141552,4.60675
25.0005,0,0,3336187,141419,4.60262
26.0005,0,0,3477036,140849,4.58403
27.0006,0,0,3618900,141858,4.61672
28.0006,0,0,3761374,142474,4.63691
29.0006,0,0,3904181,142801,4.64773
1,0,1,119233,119233,3.90701
2,0,1,241343,122110,4.00129
3,0,1,360689,119346,3.91073
4.00001,0,1,479902,119213,3.90625
5.00001,0,1,605564,125661,4.11767
6.00001,0,1,729717,124152,4.06821
7.00002,0,1,855240,125523,4.11302
8.00002,0,1,982086,126846,4.15619
9.00002,0,1,1109874,127788,4.18735
10,0,1,1237877,128003,4.19437
11,0,1,1365500,127623,4.18185
12,0,1,1495117,129617,4.24714
13,0,1,1633556,138439,4.50937
14.0005,0,1,1773424,139806,4.55004
15.0005,0,1,1912658,139234,4.5315
16.0005,0,1,2052099,139441,4.53812
17.0005,0,1,2191134,139035,4.52505
18.0005,0,1,2331135,139994,4.55631
19.0005,0,1,2469459,138324,4.50209
20.0005,0,1,2608366,138907,4.52085
21.0005,0,1,2747909,139543,4.54161
22.0005,0,1,2887864,139955,4.55509
23.0005,0,1,3027391,139527,4.54088
24.0005,0,1,3166162,138771,4.51655
25.0005,0,1,3305511,139348,4.53533
26.0005,0,1,3444843,139332,4.53451
27.0006,0,1,3584051,139202,4.5303
28.0006,0,1,3723224,139173,4.52928
29.0006,0,1,3862999,139769,4.5491
1,0,2,119233,119233,3.907
2,0,2,241343,122110,4.00129
3,0,2,360687,119344,3.91066
4.00001,0,2,480215,119528,3.91669
5.00001,0,2,605855,125639,4.11695
6.00001,0,2,729999,124143,4.06793
7.00002,0,2,855625,125626,4.11651
8.00002,0,2,982760,127135,4.16595
9.00002,0,2,1110556,127796,4.18761
10,0,2,1238563,128007,4.19453
11,0,2,1366240,127677,4.18371
12,0,2,1495926,129686,4.24954
13,0,2,1636247,140321,4.57228
14.0005,0,2,1776652,140343,4.56742
15.0005,0,2,1918109,141457,4.6037
16.0005,0,2,2059021,140912,4.58605
17.0005,0,2,2199683,140662,4.57782
18.0005,0,2,2340333,140643,4.5772
19.0005,0,2,2481001,140668,4.57806
20.0005,0,2,2621822,140821,4.58284
21.0005,0,2,2762994,141172,4.59442
22.0005,0,2,2903931,140937,4.58681
23.0005,0,2,3045132,141201,4.59531
24.0005,0,2,3186516,141384,4.60123
25.0005,0,2,3328541,142024,4.62228
26.0005,0,2,3470365,141824,4.61553
27.0006,0,2,3612151,141780,4.61441
28.0006,0,2,3754003,141852,4.61641
29.0006,0,2,3895831,141822,4.61564
1,0,3,119233,119233,3.90702
2,0,3,241343,122110,4.00129
3,0,3,360689,119346,3.91073
4.00001,0,3,480216,119527,3.91665
5.00001,0,3,605855,125638,4.11686
6.00001,0,3,729999,124143,4.06793
7.00002,0,3,855625,125626,4.11651
8.00002,0,3,982745,127120,4.16546
9.00002,0,3,1110528,127783,4.18714
10,0,3,1238533,128005,4.19446
11,0,3,1366190,127657,4.1829
12,0,3,1495844,129654,4.24832
13,0,3,1636908,141064,4.59663
14.0005,0,3,1778416,141445,4.60353
15.0005,0,3,1920081,141665,4.61057
16.0005,0,3,2061558,141477,4.60432
17.0005,0,3,2203216,141658,4.61008
18.0005,0,3,2345258,142035,4.62255
19.0005,0,3,2486502,141244,4.5969
20.0005,0,3,2627829,141327,4.59973
21.0005,0,3,2769420,141591,4.60812
22.0005,0,3,2911269,141849,4.61663
23.0005,0,3,3052644,141375,4.60078
24.0005,0,3,3194201,141557,4.60682
25.0005,0,3,3335543,141341,4.60002
26.0005,0,3,3476374,140831,4.58354
27.0006,0,3,3618151,141771,4.61428
28.0006,0,3,3760603,142452,4.63617
29.0006,0,3,3903393,142784,4.64703
1.00001,1,0,124638,124637,4.05603
2.00001,1,0,250856,126218,4.10753
3.00014,1,0,374287,123415,4.01645
4.00014,1,0,498155,123868,4.03117
5.00048,1,0,628692,130493,4.24729
6.0006,1,0,758600,129893,4.22727
7.0006,1,0,888575,129975,4.23008
8.0006,1,0,1020000,131425,4.27723
9.0006,1,0,1151659,131659,4.28492
10.0006,1,0,1283787,132128,4.30012
11.0006,1,0,1415276,131483,4.27913
12.0009,1,0,1548525,133215,4.33574
13.0009,1,0,1687167,138642,4.51216
14.0009,1,0,1826937,139770,4.54912
15.0009,1,0,1966168,139231,4.53143
16.0009,1,0,2105817,139649,4.5449
17.0009,1,0,2244587,138770,4.51641
18.0009,1,0,2384580,139993,4.55625
19.0009,1,0,2522995,138415,4.50466
20.0009,1,0,2662277,139282,4.53291
21.001,1,0,2801784,139498,4.54001
22.0011,1,0,2941647,139849,4.55181
23.0011,1,0,3081037,139390,4.53632
24.0011,1,0,3219619,138582,4.51014
25.0011,1,0,3358926,139307,4.53381
26.0011,1,0,3498210,139284,4.53326
27.0011,1,0,3637280,139070,4.5264
28.0011,1,0,3776709,139429,4.53789
29.0011,1,0,3916445,139736,4.54774
1.00001,1,1,124327,124326,4.04616
2.00001,1,1,251393,127066,4.13509
3.00014,1,1,375137,123728,4.0265
4.00014,1,1,499181,124044,4.03682
5.00048,1,1,629246,130021,4.23148
6.0006,1,1,757787,128526,4.1828
7.0006,1,1,886982,129195,4.20436
8.0006,1,1,1017232,130250,4.23882
9.0006,1,1,1148644,131412,4.27673
10.0006,1,1,1280576,131932,4.29343
11.0006,1,1,1412563,131981,4.29505
12.0009,1,1,1545715,133118,4.33206
13.0009,1,1,1686197,140482,4.57193
14.0009,1,1,1826551,140354,4.56771
15.0009,1,1,1967956,141405,4.60224
16.0009,1,1,2108948,140992,4.5886
17.0009,1,1,2249485,140537,4.57388
18.0009,1,1,2390181,140696,4.57895
19.0009,1,1,2530776,140595,4.57573
20.0009,1,1,2671640,140864,4.58436
21.001,1,1,2812789,141139,4.59343
22.0011,1,1,2953780,140977,4.58813
23.0011,1,1,3094946,141166,4.59453
24.0011,1,1,3236283,141337,4.5999
25.0011,1,1,3378210,141927,4.61924
26.0011,1,1,3519988,141778,4.61429
27.0011,1,1,3661812,141824,4.61599
28.0011,1,1,3803421,141609,4.6089
29.0011,1,1,3945224,141803,4.61503
1.00001,1,2,124444,124443,4.04992
2.00001,1,2,250724,126280,4.10954
3.00014,1,2,374404,123664,4.02437
4.00014,1,2,498257,123853,4.03076
5.00048,1,2,628986,130685,4.25297
6.0006,1,2,758951,129950,4.22908
7.0006,1,2,889111,130160,4.23584
8.0006,1,2,1020625,131514,4.28032
9.0006,1,2,1152539,131914,4.29292
10.0006,1,2,1284755,132216,4.30285
11.0006,1,2,1416571,131810,4.28956
12.0009,1,2,1550004,133399,4.34124
13.0009,1,2,1688669,138665,4.51269
14.0009,1,2,1828562,139893,4.55281
15.0009,1,2,1967783,139221,4.53083
16.0009,1,2,2107452,139669,4.5456
17.0009,1,2,2246435,138983,4.52323
18.0009,1,2,2386442,140007,4.55647
19.0009,1,2,2524879,138437,4.50539
20.0009,1,2,2664232,139353,4.53528
21.001,1,2,2803874,139633,4.54428
22.0011,1,2,2943889,140001,4.55623
23.0011,1,2,3083407,139518,4.54044
24.0011,1,2,3222146,138739,4.51522
25.0011,1,2,3361556,139410,4.53686
26.0011,1,2,3500914,139358,4.53575
27.0011,1,2,3640179,139265,4.5322
28.0011,1,2,3779660,139481,4.53937
29.0011,1,2,3919413,139753,4.54805
1.00001,1,3,141911,141909,4.61881
2.00001,1,3,284521,142610,4.64105
3.00014,1,3,428715,144175,4.69208
4.00014,1,3,572206,143491,4.66989
5.00048,1,3,714653,142399,4.63414
6.0006,1,3,855491,140822,4.58284
7.0006,1,3,997746,142255,4.62965
8.0006,1,3,1139384,141638,4.60953
9.0006,1,3,1281371,141987,4.62105
10.0006,1,3,1424828,143457,4.66868
11.0006,1,3,1566928,142094,4.62431
12.0009,1,3,1708761,141797,4.61463
13.0009,1,3,1851429,142668,4.64306
14.0009,1,3,1992939,141510,4.60547
15.0009,1,3,2135068,142129,4.62582
16.0009,1,3,2277091,142023,4.62228
17.0009,1,3,2419031,141940,4.61943
18.0009,1,3,2561068,142037,4.62309
19.0009,1,3,2701094,140026,4.55724
20.0009,1,3,2842080,140986,4.58866
21.001,1,3,2983390,141300,4.59874
22.0011,1,3,3124715,141311,4.59905
23.0011,1,3,3266444,141729,4.61273
24.0011,1,3,3408201,141757,4.61353
25.0011,1,3,3550223,142022,4.62229
26.0011,1,3,3692089,141866,4.61703
27.0011,1,3,3833643,141554,4.60692
28.0011,1,3,3975900,142257,4.63025
29.0011,1,3,4117829,141929,4.61918
1,2,0,141954,141954,4.62106
2.00005,2,0,284687,142726,4.64517
3.00014,2,0,428758,144059,4.68848
4.00014,2,0,572615,143856,4.68236
5.00014,2,0,715199,142584,4.64025
6.00014,2,0,856075,140876,4.58481
7.00014,2,0,998857,142782,4.64667
8.00014,2,0,1140812,141955,4.61986
9.00014,2,0,1283192,142380,4.63391
10.0001,2,0,1426609,143417,4.66771
11.0001,2,0,1568813,142204,4.62803
12.0011,2,0,1710884,141929,4.61925
13.0012,2,0,1853557,142667,4.643
14.0012,2,0,1995316,141759,4.61343
15.0012,2,0,2137432,142116,4.62506
16.0014,2,0,2279386,141929,4.61917
17.0014,2,0,2421442,142052,4.62316
18.0014,2,0,2563490,142048,4.62298
19.0014,2,0,2703612,140122,4.56037
20.0014,2,0,2844558,140946,4.58736
21.0014,2,0,2986465,141907,4.61857
22.0025,2,0,3128238,141621,4.609
23.0025,2,0,3270135,141897,4.61818
24.0025,2,0,3411855,141720,4.61243
25.0025,2,0,3553817,141961,4.62014
26.0025,2,0,3695704,141887,4.61787
27.003,2,0,3837541,141760,4.61364
28.003,2,0,3980017,142476,4.6369
29.003,2,0,4121926,141909,4.61859
1,2,1,121394,121394,3.95104
2.00005,2,1,246333,124933,4.0658
3.00014,2,1,368461,122117,3.9741
4.00014,2,1,490298,121836,3.96502
5.00014,2,1,618363,128065,4.16789
6.00014,2,1,745109,126746,4.12486
7.00014,2,1,873200,128091,4.16858
8.00014,2,1,1002880,129680,4.22017
9.00014,2,1,1133102,130222,4.2381
10.0001,2,1,1263284,130182,4.23668
11.0001,2,1,1393226,129942,4.22893
12.0011,2,1,1525112,131754,4.28779
13.0012,2,1,1666229,141111,4.59258
14.0012,2,1,1807550,141321,4.59937
15.0012,2,1,1949050,141500,4.60524
16.0014,2,1,2090506,141431,4.60286
17.0014,2,1,2232088,141578,4.60774
18.0014,2,1,2373976,141888,4.61786
19.0014,2,1,2514848,140872,4.58476
20.0014,2,1,2655919,141071,4.59134
21.0014,2,1,2797336,141417,4.60257
22.0025,2,1,2939321,141833,4.61598
23.0025,2,1,3080513,141192,4.59498
24.0025,2,1,3221952,141439,4.60336
25.0025,2,1,3363339,141386,4.60124
26.0025,2,1,3504076,140737,4.58049
27.003,2,1,3645810,141657,4.61016
28.003,2,1,3788153,142343,4.63292
29.003,2,1,3930651,142498,4.63766
1,2,2,124784,124784,4.06171
2.00005,2,2,252006,127216,4.14004
3.00014,2,2,375282,123265,4.01149
4.00014,2,2,499323,124040,4.03695
5.00014,2,2,629350,130027,4.23171
6.00014,2,2,757792,128442,4.18001
7.00014,2,2,887026,129234,4.20577
8.00014,2,2,1017231,130205,4.23735
9.00014,2,2,1148529,131298,4.27338
10.0001,2,2,1280363,131834,4.29058
11.0001,2,2,1412443,132080,4.29849
12.0011,2,2,1545454,132878,4.32458
13.0012,2,2,1685949,140489,4.57208
14.0012,2,2,1826089,140140,4.56077
15.0012,2,2,1967463,141374,4.60119
16.0014,2,2,2108386,140898,4.58556
17.0014,2,2,2248671,140281,4.56544
18.0014,2,2,2389419,140748,4.58072
19.0014,2,2,2530055,140636,4.57716
20.0014,2,2,2670890,140835,4.58349
21.0014,2,2,2811977,141087,4.59202
22.0025,2,2,2953120,140992,4.58865
23.0025,2,2,3094386,141266,4.5979
24.0025,2,2,3235698,141312,4.59942
25.0025,2,2,3377707,142008,4.62188
26.0025,2,2,3519565,141858,4.61683
27.003,2,2,3661396,141754,4.61355
28.003,2,2,3803259,141863,4.61722
29.003,2,2,3945050,141791,4.61473
1,2,3,141878,141878,4.61839
2.00005,2,3,284574,142689,4.64371
3.00014,2,3,428570,143984,4.68595
4.00014,2,3,572241,143670,4.67605
5.00014,2,3,714482,142241,4.62946
6.00014,2,3,855293,140811,4.58301
7.00014,2,3,997847,142554,4.63957
8.00014,2,3,1139598,141751,4.61324
9.00014,2,3,1281996,142398,4.63452
10.0001,2,3,1425383,143387,4.66661
11.0001,2,3,1567532,142149,4.62632
12.0011,2,3,1709563,141889,4.61781
13.0012,2,3,1852234,142665,4.64305
14.0012,2,3,1993983,141749,4.61356
15.0012,2,3,2136058,142075,4.62432
16.0014,2,3,2278030,141947,4.61988
17.0014,2,3,2420025,141991,4.62118
18.0014,2,3,2561986,141961,4.62041
19.0014,2,3,2701898,139912,4.55389
20.0014,2,3,2842835,140937,4.5869
21.0014,2,3,2984691,141856,4.61701
22.0025,2,3,3126448,141605,4.60841
23.0025,2,3,3268379,141931,4.61917
24.0025,2,3,3410111,141732,4.61277
25.0025,2,3,3552088,141976,4.62058
26.0025,2,3,3693876,141788,4.61507
27.003,2,3,3835633,141680,4.6113
28.003,2,3,3978092,142459,4.63651
29.003,2,3,4119974,141882,4.6181
1.00013,3,0,124465,124449,4.05043
2.00065,3,0,250831,126300,4.11025
3.00065,3,0,374454,123623,4.02303
4.00065,3,0,498261,123807,4.02917
5.00065,3,0,628989,130728,4.25455
6.00065,3,0,758904,129915,4.22796
7.00066,3,0,889131,130226,4.23823
8.00066,3,0,1020523,131392,4.27612
9.00066,3,0,1152502,131978,4.29497
10.0007,3,0,1284739,132237,4.30354
11.0007,3,0,1416607,131868,4.29153
12.0007,3,0,1549932,133318,4.33883
13.0007,3,0,1688538,138606,4.51109
14.0007,3,0,1828426,139888,4.5528
15.0007,3,0,1967626,139200,4.5306
16.0007,3,0,2107205,139579,4.54295
17.0007,3,0,2246234,139029,4.52487
18.0007,3,0,2386211,139977,4.55596
19.0007,3,0,2524735,138524,4.50847
20.0007,3,0,2663954,139219,4.53112
21.0007,3,0,2803615,139661,4.54573
22.0007,3,0,2943623,140008,4.55655
23.0007,3,0,3083099,139476,4.53946
24.0007,3,0,3221823,138724,4.5151
25.0007,3,0,3361187,139364,4.53611
26.0007,3,0,3500530,139343,4.53516
27.0007,3,0,3639716,139186,4.53034
28.0007,3,0,3779203,139487,4.53989
29.0007,3,0,3918939,139736,4.54803
1.00013,3,1,141718,141700,4.61223
2.00065,3,1,284370,142578,4.64042
3.00065,3,1,428579,144209,4.69341
4.00065,3,1,572234,143655,4.67586
5.00065,3,1,714572,142338,4.63257
6.00065,3,1,855455,140883,4.58518
7.00066,3,1,998263,142807,4.64788
8.00066,3,1,1140166,141903,4.61836
9.00066,3,1,1282481,142314,4.63169
10.0007,3,1,1425891,143410,4.66733
11.0007,3,1,1567750,141859,4.61687
12.0007,3,1,1709444,141686,4.61161
13.0007,3,1,1852003,142559,4.63994
14.0007,3,1,1993603,141600,4.60867
15.0007,3,1,2135759,142156,4.62738
16.0007,3,1,2277703,141944,4.61992
17.0007,3,1,2419722,142019,4.6223
18.0007,3,1,2561702,141980,4.62129
19.0007,3,1,2701922,140220,4.56385
20.0007,3,1,2842748,140826,4.58394
21.0007,3,1,2984701,141953,4.62043
22.0007,3,1,3126328,141627,4.61036
23.0007,3,1,3268116,141788,4.61483
24.0007,3,1,3409860,141744,4.61349
25.0007,3,1,3551853,141993,4.6214
26.0007,3,1,3693706,141853,4.61706
27.0007,3,1,3835521,141815,4.61566
28.0007,3,1,3977926,142405,4.63541
29.0007,3,1,4119881,141955,4.62028
1.00013,3,2,121393,121378,3.95047
2.00065,3,2,246460,125002,4.06811
3.00065,3,2,368697,122237,3.9781
4.00065,3,2,490591,121894,3.96711
5.00065,3,2,618846,128255,4.17383
6.00065,3,2,745683,126837,4.12779
7.00066,3,2,874075,128391,4.1786
8.00066,3,2,1003872,129797,4.22419
9.00066,3,2,1134007,130134,4.23501
10.0007,3,2,1264381,130374,4.24293
11.0007,3,2,1394312,129931,4.22864
12.0007,3,2,1526167,131848,4.29089
13.0007,3,2,1667314,141147,4.59383
14.0007,3,2,1808785,141471,4.60463
15.0007,3,2,1950466,141681,4.61132
16.0007,3,2,2092065,141599,4.60863
17.0007,3,2,2233678,141613,4.6089
18.0007,3,2,2375801,142123,4.62594
19.0007,3,2,2517099,141298,4.59871
20.0007,3,2,2658475,141376,4.60126
21.0007,3,2,2800205,141730,4.61315
22.0007,3,2,2942091,141886,4.6184
23.0007,3,2,3083373,141282,4.59834
24.0007,3,2,3224907,141534,4.60642
25.0007,3,2,3366405,141498,4.60526
26.0007,3,2,3507218,140813,4.58289
27.0007,3,2,3649005,141787,4.61489
28.0007,3,2,3791449,142444,4.6365
29.0007,3,2,3934270,142821,4.64869
1.00013,3,3,124786,124770,4.06095
2.00065,3,3,251995,127143,4.13774
3.00065,3,3,375679,123684,4.0251
4.00065,3,3,499614,123935,4.03325
5.00065,3,3,629616,130002,4.2307
6.00065,3,3,758017,128401,4.17895
7.00066,3,3,887278,129260,4.20658
8.00066,3,3,1017444,130166,4.23614
9.00066,3,3,1148958,131513,4.27999
10.0007,3,3,1280771,131813,4.28988
11.0007,3,3,1412713,131942,4.29401
12.0007,3,3,1545618,132898,4.32516
13.0007,3,3,1685201,139583,4.54355
14.0007,3,3,1824709,139508,4.54081
15.0007,3,3,1966124,141415,4.6029
16.0007,3,3,2106996,140872,4.58522
17.0007,3,3,2247464,140468,4.57238
18.0007,3,3,2387435,139971,4.55561
19.0007,3,3,2528090,140655,4.57829
20.0007,3,3,2668842,140752,4.58127
21.0007,3,3,2810028,141186,4.59542
22.0007,3,3,2951023,140995,4.58893
23.0007,3,3,3092156,141133,4.59362
24.0007,3,3,3233435,141279,4.59872
25.0007,3,3,3375469,142034,4.62292
26.0007,3,3,3517287,141818,4.61627
27.0007,3,3,3659029,141742,4.61372
28.0007,3,3,3800813,141784,4.61542
29.0007,3,3,3942671,141858,4.61766
