timestamp,thread_id,connection_num,requests_completed,throughput,gbit_per_second
1.00188,0,0,141914,141914,4.64689
2.00188,0,0,288858,146944,4.81385
3.00188,0,0,433517,144659,4.73788
4.00188,0,0,577848,144331,4.72571
5.00188,0,0,723977,146129,4.78711
6.00188,0,0,868095,144118,4.72238
7.00188,0,0,1013986,145891,4.77839
8.00188,0,0,1160136,146150,4.78679
9.00189,0,0,1306037,145901,4.77745
10.0019,0,0,1451739,145702,4.77392
11.0019,0,0,1597826,146087,4.78541
12.0019,0,0,1743002,145176,4.75444
13.0019,0,0,1887514,144512,4.73455
14.0019,0,0,2033666,146152,4.78842
15.0019,0,0,2178934,145268,4.75864
16.0019,0,0,2324958,146024,4.78187
17.0019,0,0,2471990,147032,4.81479
18.0019,0,0,2615879,143889,4.70891
19.0019,0,0,2759446,143567,4.70262
20.0019,0,0,2904175,144729,4.74004
21.0019,0,0,3049363,145188,4.75612
22.0019,0,0,3194375,145012,4.75125
23.0019,0,0,3340002,145627,4.7694
24.0019,0,0,3484564,144562,4.73593
25.0019,0,0,3629592,145028,4.75076
26.0019,0,0,3772991,143399,4.69727
27.0019,0,0,3918052,145061,4.75159
28.0019,0,0,4063758,145706,4.77242
29.0019,0,0,4210648,146890,4.81122
1.00188,0,1,141981,141981,4.65047
2.00188,0,1,288895,146914,4.8114
3.00188,0,1,433672,144777,4.7433
4.00188,0,1,578441,144769,4.74148
5.00188,0,1,724609,146168,4.78955
6.00188,0,1,868719,144110,4.72049
7.00188,0,1,1014600,145881,4.77699
8.00188,0,1,1160906,146306,4.79262
9.00189,0,1,1306923,146017,4.78242
10.0019,0,1,1452594,145671,4.77118
11.0019,0,1,1598774,146180,4.78868
12.0019,0,1,1743979,145205,4.75606
13.0019,0,1,1888459,144480,4.73282
14.0019,0,1,2034658,146199,4.78962
15.0019,0,1,2179921,145263,4.75877
16.0019,0,1,2326027,146106,4.78646
17.0019,0,1,2473146,147119,4.82027
18.0019,0,1,2617642,144496,4.73412
19.0019,0,1,2761523,143881,4.71434
20.0019,0,1,2906279,144756,4.74175
21.0019,0,1,3051672,145393,4.76414
22.0019,0,1,3196649,144977,4.74933
23.0019,0,1,3342366,145717,4.77439
24.0019,0,1,3486958,144592,4.73704
25.0019,0,1,3632031,145073,4.75352
26.0019,0,1,3775601,143570,4.70342
27.0019,0,1,3920835,145234,4.75901
28.0019,0,1,4066649,145814,4.77701
29.0019,0,1,4213531,146882,4.81166
1.00188,0,2,141972,141972,4.65011
2.00188,0,2,288811,146839,4.80762
3.00188,0,2,433405,144594,4.73645
4.00188,0,2,577956,144551,4.73337
5.00188,0,2,724077,146121,4.7869
6.00188,0,2,867974,143897,4.71224
7.00188,0,2,1013896,145922,4.77759
8.00188,0,2,1159954,146058,4.78288
9.00189,0,2,1305972,146018,4.78239
10.0019,0,2,1451537,145565,4.76883
11.0019,0,2,1597680,146143,4.78641
12.0019,0,2,1742712,145032,4.75059
13.0019,0,2,1887101,144389,4.73059
14.0019,0,2,2033226,146125,4.78726
15.0019,0,2,2178487,145261,4.75867
16.0019,0,2,2324530,146043,4.78264
17.0019,0,2,2471604,147074,4.8176
18.0019,0,2,2615781,144177,4.72004
19.0019,0,2,2759578,143797,4.71116
20.0019,0,2,2904036,144458,4.73093
21.0019,0,2,3049316,145280,4.75879
22.0019,0,2,3194005,144689,4.73844
23.0019,0,2,3339536,145531,4.76628
24.0019,0,2,3483743,144207,4.72403
25.0019,0,2,3628530,144787,4.74108
26.0019,0,2,3772046,143516,4.70089
27.0019,0,2,3917320,145274,4.76033
28.0019,0,2,4063057,145737,4.77399
29.0019,0,2,4209756,146699,4.8038
1.00188,0,3,141500,141500,4.63275
2.00188,0,3,288430,146930,4.8134
3.00188,0,3,433084,144654,4.73725
4.00188,0,3,577893,144809,4.74458
5.00188,0,3,723906,146013,4.78203
6.00188,0,3,867506,143600,4.70312
7.00188,0,3,1013312,145806,4.77416
8.00188,0,3,1159600,146288,4.79254
9.00189,0,3,1305501,145901,4.77894
10.0019,0,3,1450912,145411,4.7615
11.0019,0,3,1596964,146052,4.78292
12.0019,0,3,1742201,145237,4.75788
13.0019,0,3,1886295,144094,4.71749
14.0019,0,3,2032301,146006,4.78135
15.0019,0,3,2177525,145224,4.75708
16.0019,0,3,2323492,145967,4.78104
17.0019,0,3,2470491,146999,4.81409
18.0019,0,3,2614905,144414,4.73029
19.0019,0,3,2758641,143736,4.70745
20.0019,0,3,2903203,144562,4.73277
21.0019,0,3,3048506,145303,4.75822
22.0019,0,3,3193414,144908,4.74685
23.0019,0,3,3339111,145697,4.77261
24.0019,0,3,3483717,144606,4.73839
25.0019,0,3,3628597,144880,4.74288
26.0019,0,3,3772014,143417,4.69819
27.0019,0,3,3917120,145106,4.75247
28.0019,0,3,4062913,145793,4.77647
29.0019,0,3,4209685,146772,4.80725
1.00306,1,0,139543,139543,4.56459
2.00306,1,0,285911,146368,4.79418
3.00306,1,0,432560,146649,4.80323
4.00306,1,0,579287,146727,4.80795
5.00306,1,0,724645,145358,4.75739
6.00306,1,0,869360,144715,4.73594
7.00307,1,0,1013080,143720,4.6987
8.00307,1,0,1158278,145198,4.75163
9.00307,1,0,1303412,145134,4.74792
10.0031,1,0,1448311,144899,4.74446
11.0031,1,0,1592859,144548,4.72585
12.0031,1,0,1738059,145200,4.75613
13.0031,1,0,1883520,145461,4.76398
14.0031,1,0,2028658,145138,4.75193
15.0031,1,0,2173637,144979,4.74796
16.0031,1,0,2317804,144167,4.71774
17.0031,1,0,2463156,145352,4.75799
18.0031,1,0,2608737,145581,4.76449
19.0031,1,0,2752882,144145,4.72126
20.0031,1,0,2897104,144222,4.72007
21.0031,1,0,3039484,142380,4.65872
22.0031,1,0,3185334,145850,4.776
23.0031,1,0,3330102,144768,4.74211
24.0031,1,0,3475391,145289,4.75476
25.0031,1,0,3618030,142639,4.67268
26.0031,1,0,3763683,145653,4.76729
27.0031,1,0,3909707,146024,4.77787
28.0031,1,0,4055218,145511,4.76469
29.0031,1,0,4199796,144578,4.7324
1.00306,1,1,139393,139393,4.56382
2.00306,1,1,285779,146386,4.79614
3.00306,1,1,432475,146696,4.80693
4.00306,1,1,579108,146633,4.80454
5.00306,1,1,724489,145381,4.76235
6.00306,1,1,869245,144756,4.7411
7.00307,1,1,1013174,143929,4.71343
8.00307,1,1,1158086,144912,4.74571
9.00307,1,1,1303429,145343,4.76221
10.0031,1,1,1448384,144955,4.74914
11.0031,1,1,1593017,144633,4.73774
12.0031,1,1,1738160,145143,4.75547
13.0031,1,1,1883644,145484,4.76639
14.0031,1,1,2028814,145170,4.75537
15.0031,1,1,2173695,144881,4.7448
16.0031,1,1,2317640,143945,4.7135
17.0031,1,1,2463008,145368,4.76175
18.0031,1,1,2608660,145652,4.77071
19.0031,1,1,2752804,144144,4.72208
20.0031,1,1,2897050,144246,4.72366
21.0031,1,1,3039401,142351,4.66387
22.0031,1,1,3185211,145810,4.77654
23.0031,1,1,3329896,144685,4.7376
24.0031,1,1,3475234,145338,4.76065
25.0031,1,1,3617861,142627,4.67298
26.0031,1,1,3763477,145616,4.76945
27.0031,1,1,3909611,146134,4.78825
28.0031,1,1,4055015,145404,4.76164
29.0031,1,1,4199363,144348,4.72775
1.00306,1,2,139632,139632,4.57138
2.00306,1,2,286018,146386,4.79551
3.00306,1,2,432435,146417,4.79467
4.00306,1,2,579110,146675,4.80501
5.00306,1,2,724475,145365,4.75977
6.00306,1,2,869280,144805,4.74453
7.00307,1,2,1012883,143603,4.70127
8.00307,1,2,1158025,145142,4.75342
9.00307,1,2,1303226,145201,4.75445
10.0031,1,2,1448058,144832,4.74402
11.0031,1,2,1592603,144545,4.73289
12.0031,1,2,1737751,145148,4.75495
13.0031,1,2,1883148,145397,4.76057
14.0031,1,2,2028365,145217,4.75762
15.0031,1,2,2173276,144911,4.74686
16.0031,1,2,2317507,144231,4.72518
17.0031,1,2,2462797,145290,4.75692
18.0031,1,2,2608445,145648,4.77037
19.0031,1,2,2752474,144029,4.71908
20.0031,1,2,2896799,144325,4.72774
21.0031,1,2,3039069,142270,4.65936
22.0031,1,2,3184952,145883,4.77769
23.0031,1,2,3329510,144558,4.73437
24.0031,1,2,3474908,145398,4.76323
25.0031,1,2,3617262,142354,4.6639
26.0031,1,2,3762987,145725,4.77351
27.0031,1,2,3909045,146058,4.78459
28.0031,1,2,4054617,145572,4.76866
29.0031,1,2,4198835,144218,4.72139
1.00306,1,3,139566,139566,4.57087
2.00306,1,3,285892,146326,4.79273
3.00306,1,3,432504,146612,4.80064
4.00306,1,3,579130,146626,4.80214
5.00306,1,3,724613,145483,4.76594
6.00306,1,3,869450,144837,4.74518
7.00307,1,3,1013470,144020,4.71844
8.00307,1,3,1158753,145283,4.75876
9.00307,1,3,1304117,145364,4.76327
10.0031,1,3,1449015,144898,4.74722
11.0031,1,3,1593732,144717,4.7403
12.0031,1,3,1738929,145197,4.7574
13.0031,1,3,1884461,145532,4.76839
14.0031,1,3,2029680,145219,4.75813
15.0031,1,3,2174688,145008,4.75136
16.0031,1,3,2318876,144188,4.72203
17.0031,1,3,2464319,145443,4.76572
18.0031,1,3,2610055,145736,4.77523
19.0031,1,3,2754204,144149,4.72308
20.0031,1,3,2898590,144386,4.731
21.0031,1,3,3041123,142533,4.67052
22.0031,1,3,3187066,145943,4.78136
23.0031,1,3,3331779,144713,4.74021
24.0031,1,3,3477139,145360,4.76099
25.0031,1,3,3619800,142661,4.67422
26.0031,1,3,3765619,145819,4.77755
27.0031,1,3,3911751,146132,4.78842
28.0031,1,3,4057339,145588,4.76905
29.0031,1,3,4202015,144676,4.73988
