timestamp,thread_id,connection_num,message_count,throughput,gbit_per_second
1,0,0,146522,146522,4.76876
2,0,0,293823,147301,4.79373
3,0,0,439994,146171,4.75692
4,0,0,587978,147984,4.81616
5.00094,0,0,734867,146752,4.77588
6.00094,0,0,881809,146942,4.7822
7.00094,0,0,1026977,145168,4.72457
8.00095,0,0,1171949,144970,4.71806
9.00099,0,0,1317908,145954,4.75038
10.001,0,0,1464944,147036,4.78531
11.001,0,0,1607946,143002,4.6538
12.001,0,0,1752465,144519,4.70342
13.001,0,0,1896984,144519,4.70333
14.001,0,0,2042024,145040,4.72026
15.001,0,0,2186593,144569,4.70507
16.0014,0,0,2330289,143636,4.67452
17.0014,0,0,2473638,143349,4.66517
18.0014,0,0,2617376,143738,4.67811
19.0014,0,0,2760754,143378,4.66624
1,0,1,146881,146881,4.78076
2,0,1,293896,147015,4.78459
3,0,1,440519,146623,4.77208
4,0,1,588419,147900,4.81336
5.00094,0,1,735281,146725,4.77537
6.00094,0,1,882133,146852,4.77935
7.00094,0,1,1027942,145809,4.74549
8.00095,0,1,1173100,145156,4.72405
9.00099,0,1,1319160,146055,4.75393
10.001,0,1,1466106,146946,4.7823
11.001,0,1,1609283,143177,4.65951
12.001,0,1,1753911,144628,4.70701
13.001,0,1,1898676,144765,4.71128
14.001,0,1,2043665,144989,4.7186
15.001,0,1,2188429,144764,4.71127
16.0014,0,1,2332748,144259,4.69467
17.0014,0,1,2476379,143631,4.67446
18.0014,0,1,2620094,143715,4.67733
19.0014,0,1,2763930,143836,4.68098
1,0,2,143776,143776,4.67967
2,0,2,289185,145409,4.73227
3,0,2,435201,146016,4.75216
4,0,2,582396,147195,4.79037
5.00094,0,2,727482,144951,4.71754
6.00094,0,2,872401,144919,4.71617
7.00094,0,2,1019198,146797,4.77771
8.00095,0,2,1165142,145942,4.74988
9.00099,0,2,1312319,147171,4.79002
10.001,0,2,1459889,147570,4.80272
11.001,0,2,1605999,146110,4.75522
12.001,0,2,1750546,144547,4.70402
13.001,0,2,1895415,144869,4.71476
14.001,0,2,2039201,143786,4.67953
15.001,0,2,2183637,144436,4.70063
16.0014,0,2,2327337,143640,4.67467
17.0014,0,2,2473750,146413,4.76491
18.0014,0,2,2620806,147056,4.78576
19.0014,0,2,2767551,146745,4.77587
1,0,3,144939,144939,4.71736
2,0,3,291149,146210,4.75826
3,0,3,438065,146916,4.78121
4,0,3,585549,147484,4.79965
5.00094,0,3,731647,145962,4.75018
6.00094,0,3,878153,146506,4.76791
7.00094,0,3,1025913,147760,4.80884
8.00095,0,3,1173304,147389,4.79679
9.00099,0,3,1321107,147797,4.81029
10.001,0,3,1469591,148484,4.8323
11.001,0,3,1616276,146685,4.77376
12.001,0,3,1762342,146066,4.75353
13.001,0,3,1909027,146685,4.77368
14.001,0,3,2054758,145731,4.74263
15.001,0,3,2201316,146558,4.7696
16.0014,0,3,2346549,145172,4.72456
17.0014,0,3,2493761,147212,4.7909
18.0014,0,3,2641210,147449,4.79864
19.0014,0,3,2788452,147242,4.79192
1,1,0,146340,146340,4.76458
2,1,0,293640,147300,4.79485
3,1,0,439878,146238,4.76
4.00003,1,0,587859,147977,4.81659
5.00003,1,0,734479,146620,4.77247
6.00003,1,0,881191,146712,4.77547
7.00003,1,0,1026585,145394,4.73249
8.00003,1,0,1171107,144522,4.70427
9.00003,1,0,1316174,145067,4.72208
10,1,0,1463254,147080,4.78773
11.0001,1,0,1605428,142166,4.62746
12.0001,1,0,1750119,144691,4.70941
13.0001,1,0,1894574,144455,4.70188
14.0001,1,0,2038946,144372,4.6991
15.0005,1,0,2183571,144572,4.70598
16.0005,1,0,2327650,144068,4.68903
17.0005,1,0,2470904,143254,4.66263
18.0007,1,0,2614405,143476,4.66988
19.0007,1,0,2757604,143199,4.66081
1,1,1,143360,143360,4.66764
2,1,1,289468,146108,4.756
3,1,1,435986,146518,4.76918
4.00003,1,1,583784,147794,4.81055
5.00003,1,1,729598,145814,4.74605
6.00003,1,1,875513,145915,4.74929
7.00003,1,1,1023076,147563,4.80341
8.00003,1,1,1170093,147017,4.7858
9.00003,1,1,1316797,146704,4.77595
10,1,1,1464775,147978,4.81726
11.0001,1,1,1610154,145371,4.7316
12.0001,1,1,1755370,145216,4.7266
13.0001,1,1,1901485,146115,4.7561
14.0001,1,1,2046467,144982,4.71956
15.0005,1,1,2192405,145885,4.74856
16.0005,1,1,2336773,144357,4.69859
17.0005,1,1,2483386,146613,4.77258
18.0007,1,1,2630592,147180,4.79061
19.0007,1,1,2776886,146294,4.76173
1,1,2,143968,143968,4.68735
2,1,2,290343,146375,4.76447
3,1,2,436974,146631,4.77299
4.00003,1,2,584796,147818,4.81135
5.00003,1,2,730709,145913,4.74926
6.00003,1,2,876846,146137,4.75667
7.00003,1,2,1024552,147706,4.80802
8.00003,1,2,1171593,147041,4.78655
9.00003,1,2,1318375,146782,4.77776
10,1,2,1466327,147952,4.81666
11.0001,1,2,1611958,145623,4.73983
12.0001,1,2,1757553,145595,4.739
13.0001,1,2,1903856,146303,4.76245
14.0001,1,2,2048892,145036,4.72123
15.0005,1,2,2195129,146184,4.75824
16.0005,1,2,2339272,144132,4.69137
17.0005,1,2,2486237,146965,4.78383
18.0007,1,2,2633653,147390,4.79749
19.0007,1,2,2779918,146265,4.76082
1,1,3,145389,145389,4.73366
2,1,3,292044,146655,4.7737
3,1,3,436660,144616,4.70764
4.00003,1,3,583936,147272,4.79372
5.00003,1,3,730606,146670,4.77396
6.00003,1,3,874406,143800,4.68114
7.00003,1,3,1018350,143944,4.68566
8.00003,1,3,1161467,143117,4.6587
9.00003,1,3,1305805,144338,4.69876
10,1,3,1451469,145664,4.74154
11.0001,1,3,1590179,138702,4.5145
12.0001,1,3,1734345,144166,4.69244
13.0001,1,3,1877909,143564,4.67309
14.0001,1,3,2022643,144734,4.71133
15.0005,1,3,2166559,143864,4.68308
16.0005,1,3,2308671,142101,4.62499
17.0005,1,3,2450309,141638,4.61055
18.0007,1,3,2592851,142517,4.63868
19.0007,1,3,2733716,140865,4.58524
